SpatialPoints:
                x        y
   [1,] -68.75632 45.28724
   [2,] -71.28202 44.66643
   [3,] -67.71593 44.33005
   [4,] -71.03904 43.40557
   [5,] -70.28997 41.56192
   [6,] -69.65260 45.74800
   [7,] -69.49952 44.83077
   [8,] -71.96878 41.92100
   [9,] -67.52617 45.46528
  [10,] -69.60255 45.36788
  [11,] -70.97831 43.98633
  [12,] -69.56081 43.36701
  [13,] -70.46890 41.45682
  [14,] -73.47876 41.67711
  [15,] -71.41729 43.21078
  [16,] -67.93698 46.89394
  [17,] -69.86246 40.85607
  [18,] -70.59196 43.15647
  [19,] -70.86885 43.69400
  [20,] -68.97149 46.99687
  [21,] -73.02985 41.26598
  [22,] -68.77926 44.98215
  [23,] -70.83517 41.71062
  [24,] -68.78952 45.16491
  [25,] -69.51800 45.41118
  [26,] -68.43920 47.01978
  [27,] -68.80538 46.81051
  [28,] -69.55306 43.82511
  [29,] -71.02790 43.10757
  [30,] -68.50896 47.14719
  [31,] -72.67597 42.10132
  [32,] -70.91208 44.78468
  [33,] -67.47531 45.04723
  [34,] -68.93936 44.34487
  [35,] -68.09934 44.77247
  [36,] -72.21872 41.70790
  [37,] -68.66056 44.96522
  [38,] -71.33213 43.48464
  [39,] -71.46841 41.15023
  [40,] -72.72950 41.47102
  [41,] -67.12851 45.24564
  [42,] -68.49520 46.44448
  [43,] -72.70194 41.73816
  [44,] -72.23112 41.93183
  [45,] -73.27570 41.06639
  [46,] -68.28854 46.43878
  [47,] -70.48844 44.06138
  [48,] -73.42669 42.26083
  [49,] -67.43652 44.85343
  [50,] -69.72751 45.16118
  [51,] -70.61151 41.68402
  [52,] -69.09059 44.45132
  [53,] -67.43396 45.10005
  [54,] -70.67643 43.85684
  [55,] -70.14256 43.86478
  [56,] -72.78393 41.84565
  [57,] -68.34399 46.53648
  [58,] -70.15328 44.35317
  [59,] -73.26032 41.67904
  [60,] -68.05381 44.04783
  [61,] -72.72546 41.27164
  [62,] -70.31303 41.10828
  [63,] -68.13178 44.28505
  [64,] -67.14488 45.04282
  [65,] -69.98396 43.39382
  [66,] -71.11716 44.59106
  [67,] -70.35166 43.73365
  [68,] -73.00763 41.05146
  [69,] -68.06952 45.22314
  [70,] -72.46592 42.20525
  [71,] -69.58221 41.48286
  [72,] -67.93011 46.55516
  [73,] -70.80439 43.16690
  [74,] -71.05989 41.55137
  [75,] -68.83779 46.84592
  [76,] -68.78904 47.04564
  [77,] -70.47971 43.70861
  [78,] -70.85415 41.88037
  [79,] -71.81298 41.25028
  [80,] -73.12550 40.93293
  [81,] -70.04685 41.75342
  [82,] -68.74956 45.19845
  [83,] -73.71714 42.17701
  [84,] -71.18701 43.39301
  [85,] -70.11719 41.13771
  [86,] -70.86719 43.41814
  [87,] -72.73229 41.18015
  [88,] -71.18022 43.71610
  [89,] -70.63644 43.97522
  [90,] -70.56115 44.51704
  [91,] -71.43807 41.14103
  [92,] -69.36934 44.51980
  [93,] -68.28068 47.16176
  [94,] -68.69922 43.99536
  [95,] -73.31875 41.82359
  [96,] -69.88566 43.46608
  [97,] -71.85364 41.73771
  [98,] -69.31007 45.77058
  [99,] -68.47671 44.59738
 [100,] -69.54838 43.45583
 [101,] -70.91141 41.17295
 [102,] -70.27366 43.34402
 [103,] -71.51883 43.22860
 [104,] -67.66391 44.73781
 [105,] -71.54083 41.44532
 [106,] -68.59727 43.94485
 [107,] -71.46137 43.45053
 [108,] -70.00877 43.24818
 [109,] -67.86831 44.07656
 [110,] -68.85721 46.52977
 [111,] -71.50390 41.40919
 [112,] -68.91096 44.74489
 [113,] -67.05728 45.00377
 [114,] -69.15803 43.74944
 [115,] -71.32152 44.00610
 [116,] -70.61340 41.75223
 [117,] -69.11528 45.34737
 [118,] -69.30182 44.90476
 [119,] -72.04607 41.34957
 [120,] -69.21398 44.61953
 [121,] -70.64916 44.41242
 [122,] -71.23278 44.26805
 [123,] -70.80830 44.44223
 [124,] -68.16531 44.76060
 [125,] -70.74123 43.07158
 [126,] -71.17172 41.33010
 [127,] -67.21840 45.14666
 [128,] -67.76148 45.25712
 [129,] -73.40601 42.41282
 [130,] -71.45700 41.20631
 [131,] -71.39418 44.49547
 [132,] -69.45510 43.86164
 [133,] -72.72885 40.90268
 [134,] -70.73736 41.39852
 [135,] -70.67723 41.67268
 [136,] -68.67990 44.11422
 [137,] -71.24904 43.72039
 [138,] -73.65455 41.96103
 [139,] -73.04700 42.02642
 [140,] -72.13229 42.28860
 [141,] -71.68222 40.97126
 [142,] -68.90349 43.94832
 [143,] -68.05500 46.82189
 [144,] -71.42031 41.93191
 [145,] -70.92254 43.35484
 [146,] -73.03408 41.27396
 [147,] -68.87485 43.84004
 [148,] -70.22929 40.91055
 [149,] -70.04280 44.28761
 [150,] -70.81275 43.20922
 [151,] -71.67832 41.16444
 [152,] -69.57623 45.46108
 [153,] -67.98541 45.06752
 [154,] -71.13372 41.31366
 [155,] -67.86572 44.01948
 [156,] -70.13257 45.36361
 [157,] -67.29510 45.21486
 [158,] -69.37460 44.98496
 [159,] -67.20438 45.26108
 [160,] -73.06083 41.81690
 [161,] -69.84287 43.97637
 [162,] -71.45350 44.34183
 [163,] -70.82285 44.83695
 [164,] -67.75690 45.08574
 [165,] -70.57253 44.32370
 [166,] -70.01696 45.57739
 [167,] -70.94367 43.65207
 [168,] -73.48838 42.38466
 [169,] -69.79833 44.35510
 [170,] -72.36019 41.68034
 [171,] -68.98690 43.78396
 [172,] -68.16618 44.41373
 [173,] -73.02246 42.18843
 [174,] -73.25383 41.78237
 [175,] -67.82070 44.63292
 [176,] -70.86175 43.95134
 [177,] -72.57797 41.20428
 [178,] -67.62548 45.41408
 [179,] -68.18347 46.72438
 [180,] -71.40716 41.32676
 [181,] -68.58520 44.35936
 [182,] -70.64599 44.16426
 [183,] -69.63683 44.97839
 [184,] -71.81297 41.73151
 [185,] -69.27748 43.50673
 [186,] -71.11065 43.22296
 [187,] -71.80005 41.06797
 [188,] -70.53710 43.64082
 [189,] -68.04222 44.99559
 [190,] -69.60220 44.65802
 [191,] -68.45510 44.65779
 [192,] -67.85410 44.54498
 [193,] -68.40526 44.26712
 [194,] -72.66200 40.88856
 [195,] -67.21950 44.89685
 [196,] -67.90229 44.30764
 [197,] -69.91096 41.50484
 [198,] -69.80897 45.44973
 [199,] -69.05744 46.65674
 [200,] -68.19519 46.43670
 [201,] -73.63990 42.06407
 [202,] -70.22198 41.18833
 [203,] -68.62784 44.20064
 [204,] -69.70107 41.22598
 [205,] -69.22611 45.80803
 [206,] -68.96310 46.50530
 [207,] -67.35456 45.46879
 [208,] -68.85963 44.23336
 [209,] -67.27607 45.29576
 [210,] -72.46649 41.42751
 [211,] -70.48063 43.14626
 [212,] -73.58748 42.16764
 [213,] -69.88605 45.14948
 [214,] -67.98317 44.81288
 [215,] -70.29108 41.77141
 [216,] -69.99867 44.21734
 [217,] -69.44255 45.85451
 [218,] -70.22357 44.09518
 [219,] -69.70545 43.88847
 [220,] -70.93664 41.49089
 [221,] -71.61032 41.59256
 [222,] -73.35123 41.52686
 [223,] -70.85375 44.47053
 [224,] -67.74963 44.23496
 [225,] -67.81389 45.05209
 [226,] -69.98517 41.36433
 [227,] -69.69108 41.36188
 [228,] -69.85718 44.27740
 [229,] -69.60504 44.80898
 [230,] -70.63018 43.62754
 [231,] -68.35779 46.35568
 [232,] -68.63602 43.76218
 [233,] -68.95821 43.94945
 [234,] -71.95132 41.68676
 [235,] -73.46494 42.28335
 [236,] -68.82672 44.11621
 [237,] -72.26192 41.62841
 [238,] -72.42312 42.02756
 [239,] -70.69557 43.98349
 [240,] -67.27483 44.91027
 [241,] -70.51724 43.12748
 [242,] -68.73201 47.04310
 [243,] -72.05639 41.78319
 [244,] -69.76839 40.89011
 [245,] -69.02330 44.16650
 [246,] -68.42772 46.88649
 [247,] -68.00145 46.48866
 [248,] -70.11233 44.63849
 [249,] -73.48944 41.70888
 [250,] -69.00990 44.86600
 [251,] -73.17602 42.37429
 [252,] -68.77786 44.14404
 [253,] -68.78704 45.18549
 [254,] -71.36506 41.56671
 [255,] -72.62280 41.27450
 [256,] -71.05545 41.19798
 [257,] -71.52892 43.31746
 [258,] -69.22414 43.96123
 [259,] -73.71431 42.11428
 [260,] -70.26059 44.33041
 [261,] -73.39780 42.05342
 [262,] -71.04522 43.36566
 [263,] -68.24138 46.80605
 [264,] -69.52778 45.61877
 [265,] -68.72390 44.98318
 [266,] -68.45877 46.60174
 [267,] -68.21707 46.44705
 [268,] -70.86814 44.10476
 [269,] -73.10071 41.36569
 [270,] -67.97804 45.32569
 [271,] -69.41764 44.09866
 [272,] -70.53383 44.35064
 [273,] -69.42069 44.61812
 [274,] -68.19710 44.93367
 [275,] -69.62249 41.23224
 [276,] -69.09556 44.50156
 [277,] -70.67027 43.65464
 [278,] -68.82061 45.33862
 [279,] -71.06183 44.53797
 [280,] -67.86980 45.00393
 [281,] -70.03959 41.03836
 [282,] -72.26780 41.20848
 [283,] -69.20768 44.09960
 [284,] -67.79694 44.16509
 [285,] -68.55417 46.89149
 [286,] -71.28947 44.33706
 [287,] -69.11904 45.28009
 [288,] -70.77146 43.99988
 [289,] -70.18976 44.05388
 [290,] -72.64437 41.72075
 [291,] -69.61734 44.39601
 [292,] -70.88370 40.90729
 [293,] -70.14847 43.02920
 [294,] -69.32994 45.58178
 [295,] -70.22188 44.58693
 [296,] -71.39114 41.35861
 [297,] -72.67863 41.76984
 [298,] -72.41724 41.71874
 [299,] -70.21396 41.23603
 [300,] -69.31429 44.62959
 [301,] -69.52494 44.33057
 [302,] -69.44101 43.88513
 [303,] -70.46933 43.27788
 [304,] -72.20743 41.99653
 [305,] -69.81873 44.25340
 [306,] -70.02670 41.11616
 [307,] -68.14885 46.84951
 [308,] -69.99878 43.99055
 [309,] -70.00946 45.18406
 [310,] -72.89157 41.57985
 [311,] -70.78918 44.35945
 [312,] -68.42953 46.80020
 [313,] -72.48883 42.18030
 [314,] -72.40615 42.38804
 [315,] -69.93021 41.31595
 [316,] -71.44372 44.48049
 [317,] -67.64233 45.11889
 [318,] -69.43384 41.12279
 [319,] -71.33184 44.26404
 [320,] -68.84231 44.02547
 [321,] -69.06910 43.99458
 [322,] -69.74142 43.38155
 [323,] -71.37340 44.52147
 [324,] -71.81975 41.21117
 [325,] -72.82476 41.03336
 [326,] -72.43714 41.25028
 [327,] -71.24207 41.50309
 [328,] -68.29220 44.59167
 [329,] -69.49032 45.89104
 [330,] -72.90591 42.40326
 [331,] -72.35115 41.70329
 [332,] -71.22018 44.61218
 [333,] -67.29495 45.27774
 [334,] -69.37642 44.62224
 [335,] -68.15652 46.99858
 [336,] -69.83382 45.63256
 [337,] -70.32403 41.50514
 [338,] -68.19607 44.75873
 [339,] -71.62447 41.19175
 [340,] -70.83877 44.66733
 [341,] -70.54815 44.37488
 [342,] -67.82854 44.37840
 [343,] -73.48019 41.97742
 [344,] -70.20400 41.16148
 [345,] -68.37690 44.24437
 [346,] -70.68780 44.22363
 [347,] -67.72523 44.88375
 [348,] -70.29305 43.35797
 [349,] -69.26964 44.53757
 [350,] -69.35514 44.51291
 [351,] -68.50226 44.87665
 [352,] -72.29223 41.60898
 [353,] -70.83013 42.87662
 [354,] -70.76386 43.47293
 [355,] -70.47002 43.53704
 [356,] -73.73369 41.86406
 [357,] -70.74242 43.38248
 [358,] -72.87092 41.91049
 [359,] -72.57904 41.35616
 [360,] -71.36225 43.74238
 [361,] -70.52367 41.46177
 [362,] -68.55651 44.60004
 [363,] -69.46732 43.44898
 [364,] -73.21179 42.17753
 [365,] -70.44450 43.59035
 [366,] -68.41484 43.98487
 [367,] -71.00483 41.72946
 [368,] -72.94907 41.15096
 [369,] -71.02931 40.92287
 [370,] -73.35646 41.16241
 [371,] -67.09760 45.08476
 [372,] -68.16040 44.85760
 [373,] -72.43259 41.07529
 [374,] -70.59391 44.36159
 [375,] -69.28355 45.76629
 [376,] -68.88605 44.34521
 [377,] -71.10452 43.36422
 [378,] -70.97227 41.70912
 [379,] -71.01807 43.16063
 [380,] -72.49953 41.35062
 [381,] -70.14681 41.31365
 [382,] -69.97864 43.92724
 [383,] -73.11476 41.76365
 [384,] -72.51745 41.01157
 [385,] -68.38316 45.24366
 [386,] -70.44703 43.19007
 [387,] -73.04388 41.57834
 [388,] -69.61209 45.52149
 [389,] -72.29033 42.41333
 [390,] -67.22436 44.96328
 [391,] -69.12771 45.38671
 [392,] -69.29215 44.12304
 [393,] -69.06547 44.44534
 [394,] -73.02510 42.33599
 [395,] -70.59095 44.21380
 [396,] -70.74074 44.48365
 [397,] -69.09736 45.14878
 [398,] -68.49325 46.78276
 [399,] -69.22606 44.20578
 [400,] -69.61986 43.85055
 [401,] -69.79388 41.70361
 [402,] -69.80677 41.08821
 [403,] -73.38947 42.42333
 [404,] -72.78796 41.31147
 [405,] -70.32532 43.73582
 [406,] -72.21144 41.69758
 [407,] -68.62487 46.65117
 [408,] -72.47580 41.81788
 [409,] -70.49140 43.38393
 [410,] -68.72020 44.07755
 [411,] -72.39627 41.05054
 [412,] -69.70664 43.54719
 [413,] -68.72125 43.94308
 [414,] -71.72842 41.66050
 [415,] -72.74556 40.92559
 [416,] -69.63595 45.28322
 [417,] -72.94485 42.00256
 [418,] -70.62688 43.14643
 [419,] -69.45218 43.57018
 [420,] -67.19615 44.92190
 [421,] -72.64172 41.12773
 [422,] -73.20040 41.24683
 [423,] -70.76869 41.84014
 [424,] -70.90518 43.62872
 [425,] -68.36699 44.08058
 [426,] -70.18675 45.46631
 [427,] -72.83268 41.47436
 [428,] -68.60808 46.82428
 [429,] -71.38205 41.51212
 [430,] -72.55755 41.51595
 [431,] -68.54495 47.15959
 [432,] -70.66522 44.57324
 [433,] -68.96051 46.69109
 [434,] -70.01974 44.48620
 [435,] -70.13285 41.76081
 [436,] -70.81883 44.84212
 [437,] -68.36691 45.17815
 [438,] -69.96808 44.49098
 [439,] -68.06888 46.66777
 [440,] -71.32788 44.57363
 [441,] -70.86372 43.62226
 [442,] -72.18286 42.11454
 [443,] -69.15501 45.07292
 [444,] -68.93939 44.49371
 [445,] -72.20072 41.28416
 [446,] -69.14591 45.27153
 [447,] -67.91479 44.06661
 [448,] -69.19502 44.07846
 [449,] -71.64594 40.97944
 [450,] -70.86573 43.42346
 [451,] -73.05644 41.98225
 [452,] -69.58060 44.01430
 [453,] -73.30013 42.38109
 [454,] -72.80626 41.17781
 [455,] -71.42727 43.45441
 [456,] -72.69771 42.05224
 [457,] -70.11416 44.30789
 [458,] -70.09425 45.58227
 [459,] -67.47382 44.76734
 [460,] -73.06150 42.19857
 [461,] -69.86585 41.07461
 [462,] -72.37310 41.32010
 [463,] -69.24726 44.33266
 [464,] -72.92681 41.82663
 [465,] -69.47764 45.88646
 [466,] -69.97108 41.26092
 [467,] -67.19286 45.01502
 [468,] -69.71513 45.38648
 [469,] -68.12582 46.45132
 [470,] -71.08608 44.44808
 [471,] -68.31425 44.10086
 [472,] -71.09994 43.20429
 [473,] -69.75225 45.55379
 [474,] -68.20028 45.22165
 [475,] -72.57570 41.59670
 [476,] -71.96557 41.70764
 [477,] -70.44392 41.37647
 [478,] -70.78919 41.35625
 [479,] -71.95533 42.14660
 [480,] -69.99550 45.47138
 [481,] -72.69911 41.54406
 [482,] -68.56212 44.35806
 [483,] -70.37942 41.44770
 [484,] -69.62674 45.35927
 [485,] -69.74567 41.50237
 [486,] -72.86357 41.46002
 [487,] -73.26388 41.45235
 [488,] -67.14045 45.04077
 [489,] -70.31700 44.45413
 [490,] -72.18252 41.40472
 [491,] -73.50725 41.26637
 [492,] -68.59343 44.63017
 [493,] -72.74885 41.36129
 [494,] -69.77205 44.05594
 [495,] -70.12864 43.06339
 [496,] -70.42358 43.45672
 [497,] -68.00741 44.43023
 [498,] -68.90600 43.86047
 [499,] -67.42589 44.78347
 [500,] -68.47273 46.77525
 [501,] -71.69059 41.55683
 [502,] -69.95043 45.61359
 [503,] -69.38400 45.16735
 [504,] -71.79204 41.93513
 [505,] -69.74802 44.03297
 [506,] -69.36214 45.50020
 [507,] -73.26166 41.00922
 [508,] -70.95684 41.32357
 [509,] -70.39711 41.71043
 [510,] -69.20801 44.56406
 [511,] -68.60509 45.04606
 [512,] -68.33916 44.84860
 [513,] -71.13052 43.45601
 [514,] -67.37814 45.36734
 [515,] -69.57949 44.80112
 [516,] -68.58019 46.35654
 [517,] -70.28199 40.96736
 [518,] -68.20731 44.78085
 [519,] -69.08712 44.56730
 [520,] -69.23470 43.94134
 [521,] -68.05005 47.03666
 [522,] -71.99399 41.40965
 [523,] -72.54641 42.30028
 [524,] -72.74064 41.41229
 [525,] -67.25368 45.27108
 [526,] -70.24301 41.31506
 [527,] -69.27102 45.16671
 [528,] -70.51867 41.23875
 [529,] -68.67951 47.10060
 [530,] -70.96173 43.73106
 [531,] -71.11972 43.88757
 [532,] -68.38210 45.00113
 [533,] -69.91734 41.57210
 [534,] -69.39468 44.67667
 [535,] -67.90641 47.02886
 [536,] -70.87502 43.96738
 [537,] -73.34853 42.29614
 [538,] -70.86805 43.45991
 [539,] -73.02618 40.98070
 [540,] -69.36310 45.10975
 [541,] -69.29097 44.36633
 [542,] -73.22652 41.75291
 [543,] -72.20919 41.25562
 [544,] -68.23832 44.98780
 [545,] -73.10392 42.01905
 [546,] -72.72185 42.14267
 [547,] -70.30937 44.45396
 [548,] -68.35997 43.97225
 [549,] -69.52799 44.04938
 [550,] -69.54196 45.79801
 [551,] -73.12374 41.40330
 [552,] -70.98988 41.48503
 [553,] -71.21136 43.14582
 [554,] -71.15787 43.08469
 [555,] -73.63592 41.97942
 [556,] -68.99655 43.62187
 [557,] -73.79292 42.18638
 [558,] -73.29022 41.79211
 [559,] -70.92023 40.94382
 [560,] -67.86597 45.18504
 [561,] -68.15445 46.56325
 [562,] -70.01164 44.64187
 [563,] -68.23410 44.70728
 [564,] -70.44333 41.30214
 [565,] -68.63369 44.53675
 [566,] -71.21086 41.19174
 [567,] -71.30527 43.56278
 [568,] -70.09727 43.56183
 [569,] -72.20117 42.15392
 [570,] -71.44997 41.32928
 [571,] -70.07692 41.33478
 [572,] -70.74016 44.80548
 [573,] -67.26914 45.11350
 [574,] -71.11201 44.11456
 [575,] -71.80634 41.88872
 [576,] -71.56224 41.36859
 [577,] -67.81637 44.26215
 [578,] -72.31530 41.41421
 [579,] -68.93550 43.83539
 [580,] -71.15465 43.10814
 [581,] -71.19307 41.84458
 [582,] -67.14090 44.82105
 [583,] -70.53377 43.88557
 [584,] -69.63394 43.85249
 [585,] -72.27451 41.71384
 [586,] -69.68697 41.33968
 [587,] -70.87936 43.98084
 [588,] -71.62745 41.00847
 [589,] -71.74202 41.22520
 [590,] -68.77084 44.86406
 [591,] -71.96904 41.07791
 [592,] -72.51920 41.45119
 [593,] -69.57343 41.30692
 [594,] -72.59708 41.50029
 [595,] -70.07758 43.83561
 [596,] -71.21830 41.51375
 [597,] -67.90951 44.52062
 [598,] -70.01237 41.09805
 [599,] -72.14718 41.42199
 [600,] -70.58707 43.09350
 [601,] -69.24087 44.43378
 [602,] -71.32641 41.70970
 [603,] -70.59283 43.42479
 [604,] -70.79950 41.57318
 [605,] -69.55750 43.60799
 [606,] -67.19827 45.38699
 [607,] -69.62652 44.74279
 [608,] -70.30271 41.43993
 [609,] -68.28114 44.34139
 [610,] -68.73172 44.60152
 [611,] -70.27113 44.30389
 [612,] -70.44402 41.50564
 [613,] -67.80940 45.32332
 [614,] -68.14994 46.91671
 [615,] -67.81826 44.13523
 [616,] -67.72434 45.14548
 [617,] -70.58602 44.51019
 [618,] -69.91158 41.06826
 [619,] -68.06628 44.21945
 [620,] -70.97948 43.77924
 [621,] -72.31118 40.91433
 [622,] -69.53625 43.54398
 [623,] -70.63665 44.11623
 [624,] -71.32680 43.64546
 [625,] -69.11482 45.70971
 [626,] -68.21782 44.34441
 [627,] -70.36118 41.57915
 [628,] -73.17520 42.03200
 [629,] -73.66149 41.69330
 [630,] -69.85123 45.36179
 [631,] -68.40824 46.84626
 [632,] -70.88054 43.63284
 [633,] -69.99843 40.95778
 [634,] -70.02213 43.94094
 [635,] -68.78442 44.71298
 [636,] -69.24658 45.40475
 [637,] -67.64555 45.40101
 [638,] -71.01018 43.86197
 [639,] -71.45483 43.17750
 [640,] -70.77800 43.67976
 [641,] -70.40623 42.88548
 [642,] -69.77762 43.63610
 [643,] -67.88053 44.44062
 [644,] -71.46560 41.80713
 [645,] -73.38830 41.79889
 [646,] -72.31003 41.95395
 [647,] -69.78660 43.42335
 [648,] -68.00796 44.80775
 [649,] -69.54319 45.85262
 [650,] -69.43118 43.52681
 [651,] -68.50794 47.08886
 [652,] -69.33944 44.77849
 [653,] -73.17737 40.99547
 [654,] -68.80268 46.83877
 [655,] -67.64324 45.05642
 [656,] -69.50821 41.48653
 [657,] -70.75742 43.84019
 [658,] -68.83699 46.84885
 [659,] -70.86468 41.60832
 [660,] -69.50084 43.83478
 [661,] -68.97911 44.69860
 [662,] -72.29574 42.38269
 [663,] -67.91434 44.29187
 [664,] -69.15182 45.73318
 [665,] -71.13971 41.74182
 [666,] -71.38182 41.91979
 [667,] -71.84221 41.16731
 [668,] -71.07901 44.47385
 [669,] -71.91839 41.37040
 [670,] -68.15918 44.94336
 [671,] -67.94602 44.87646
 [672,] -70.11764 43.99254
 [673,] -68.64041 44.69522
 [674,] -68.49603 44.73345
 [675,] -70.04592 44.68207
 [676,] -71.06859 41.40709
 [677,] -69.79614 45.84228
 [678,] -69.43961 44.31481
 [679,] -71.39631 41.74578
 [680,] -72.30408 41.03894
 [681,] -70.08859 43.71819
 [682,] -68.66934 44.59577
 [683,] -70.12444 41.69337
 [684,] -70.82915 40.97809
 [685,] -68.87490 46.80229
 [686,] -70.44544 41.51342
 [687,] -70.75361 41.92480
 [688,] -68.56140 45.14554
 [689,] -71.17955 41.07306
 [690,] -70.43372 41.23883
 [691,] -72.81854 41.14696
 [692,] -68.34115 45.11656
 [693,] -72.07487 42.00834
 [694,] -67.64683 44.75031
 [695,] -70.00865 44.26969
 [696,] -68.07098 44.44217
 [697,] -72.33168 41.79575
 [698,] -67.44288 45.03287
 [699,] -72.52457 41.12033
 [700,] -70.13847 40.87940
 [701,] -68.18568 44.49952
 [702,] -69.62094 40.97189
 [703,] -71.64870 41.29859
 [704,] -71.34318 43.36751
 [705,] -70.95180 43.56794
 [706,] -71.03731 43.67324
 [707,] -70.21367 41.60045
 [708,] -73.12141 41.71965
 [709,] -68.63777 43.88517
 [710,] -70.29748 44.24491
 [711,] -73.45278 42.19074
 [712,] -69.00825 44.12161
 [713,] -71.89022 41.40412
 [714,] -70.60761 41.22849
 [715,] -70.46562 44.56990
 [716,] -71.01001 43.64766
 [717,] -70.19154 43.55441
 [718,] -67.87177 45.26411
 [719,] -72.41058 42.00748
 [720,] -71.25350 44.48641
 [721,] -72.39745 41.14702
 [722,] -70.41435 44.39417
 [723,] -67.81867 44.38126
 [724,] -71.02698 44.38721
 [725,] -69.82751 45.54865
 [726,] -67.81155 44.33275
 [727,] -73.35527 41.19000
 [728,] -71.88953 41.15810
 [729,] -71.28542 44.68605
 [730,] -72.25866 42.27271
 [731,] -72.21643 40.96258
 [732,] -71.26613 43.25894
 [733,] -72.70414 41.55847
 [734,] -70.51062 42.86640
 [735,] -70.12239 44.23607
 [736,] -71.63749 41.65613
 [737,] -71.33940 43.62699
 [738,] -69.30217 43.91470
 [739,] -70.05776 40.99971
 [740,] -70.96754 44.44180
 [741,] -69.69949 43.42663
 [742,] -68.04674 44.78258
 [743,] -70.57907 41.09513
 [744,] -68.96471 44.56656
 [745,] -69.80842 41.31799
 [746,] -70.01835 44.48421
 [747,] -71.23107 43.50536
 [748,] -73.52102 41.68575
 [749,] -67.91053 45.12109
 [750,] -71.12378 43.47291
 [751,] -71.71448 41.44476
 [752,] -71.33616 43.94006
 [753,] -70.82782 44.41516
 [754,] -70.92383 41.50207
 [755,] -71.53841 41.65612
 [756,] -70.97173 44.69532
 [757,] -72.79272 41.13598
 [758,] -68.52542 43.97859
 [759,] -70.29163 42.86637
 [760,] -72.04699 41.05510
 [761,] -71.49489 43.22771
 [762,] -69.87155 45.69224
 [763,] -66.98457 45.19573
 [764,] -69.54896 44.78771
 [765,] -73.06899 42.03525
 [766,] -68.84312 44.19574
 [767,] -69.04820 44.99210
 [768,] -71.85318 42.21307
 [769,] -70.44410 43.64771
 [770,] -73.39783 41.35366
 [771,] -68.82242 44.78560
 [772,] -69.56487 44.33365
 [773,] -69.67186 45.37117
 [774,] -68.27178 46.51067
 [775,] -72.61240 41.97476
 [776,] -71.79574 41.23368
 [777,] -69.88921 45.72752
 [778,] -71.32660 43.38616
 [779,] -69.36776 44.90337
 [780,] -68.71522 46.75331
 [781,] -72.65200 41.33009
 [782,] -71.42016 44.19520
 [783,] -67.69988 45.24707
 [784,] -70.09715 43.04907
 [785,] -68.63753 47.07398
 [786,] -70.90453 43.81302
 [787,] -68.09396 44.54362
 [788,] -70.30626 44.60571
 [789,] -70.78506 43.15042
 [790,] -69.95509 41.60159
 [791,] -69.76666 44.47246
 [792,] -67.93603 44.59568
 [793,] -69.71673 41.20892
 [794,] -70.86670 41.20687
 [795,] -72.98330 42.38837
 [796,] -68.79030 44.26251
 [797,] -67.17049 44.72829
 [798,] -73.22344 42.23680
 [799,] -67.59755 44.74433
 [800,] -68.31833 46.46832
 [801,] -71.33514 43.21187
 [802,] -67.37407 45.07848
 [803,] -70.98010 43.86270
 [804,] -67.30028 45.40124
 [805,] -71.27485 43.30932
 [806,] -69.22739 45.55548
 [807,] -70.82474 41.67680
 [808,] -73.01456 41.66187
 [809,] -70.10348 41.51376
 [810,] -72.62631 42.24218
 [811,] -72.04578 42.36346
 [812,] -68.63131 47.10171
 [813,] -71.53311 43.31109
 [814,] -71.64922 41.76480
 [815,] -73.35225 41.12400
 [816,] -70.46131 43.72163
 [817,] -72.27503 42.22139
 [818,] -72.76510 42.14977
 [819,] -69.97664 43.94536
 [820,] -70.47820 44.61835
 [821,] -69.93834 43.76926
 [822,] -73.09412 41.37183
 [823,] -68.74510 45.29773
 [824,] -69.76231 41.44787
 [825,] -73.35781 41.80345
 [826,] -71.41462 43.37799
 [827,] -70.76988 43.26894
 [828,] -71.52304 41.53666
 [829,] -69.93933 45.53955
 [830,] -67.23931 45.19784
 [831,] -72.83083 41.64609
 [832,] -70.76549 41.32275
 [833,] -73.12217 41.34269
 [834,] -69.81057 44.28741
 [835,] -73.79226 41.74813
 [836,] -69.86460 41.12638
 [837,] -68.98890 44.88319
 [838,] -69.61647 45.09950
 [839,] -70.22102 43.88675
 [840,] -72.72178 41.91960
 [841,] -69.93005 41.73964
 [842,] -68.06064 44.27849
 [843,] -70.04532 41.09350
 [844,] -73.47508 41.42511
 [845,] -69.63582 43.68708
 [846,] -69.68687 43.96074
 [847,] -70.51276 44.60978
 [848,] -73.38249 42.13287
 [849,] -72.49547 41.68013
 [850,] -72.81986 41.76178
 [851,] -70.29332 41.30223
 [852,] -68.05607 44.95256
 [853,] -67.88073 45.18017
 [854,] -70.84071 44.45126
 [855,] -70.73348 43.01102
 [856,] -67.75895 44.65454
 [857,] -67.31046 44.91521
 [858,] -69.18578 44.09850
 [859,] -71.43329 41.36293
 [860,] -68.71755 44.58029
 [861,] -70.95157 44.58820
 [862,] -71.08034 44.14769
 [863,] -72.48360 42.33333
 [864,] -70.57195 44.10793
 [865,] -70.01557 45.65716
 [866,] -70.63057 43.65543
 [867,] -70.32824 41.29558
 [868,] -69.76544 45.85081
 [869,] -67.88060 45.11073
 [870,] -73.12189 41.68065
 [871,] -72.30855 41.52858
 [872,] -67.14496 45.17225
 [873,] -69.37215 45.62778
 [874,] -67.56810 45.22222
 [875,] -72.01807 41.52328
 [876,] -70.95052 41.76730
 [877,] -73.00587 41.92518
 [878,] -70.14666 45.62424
 [879,] -68.15219 44.49202
 [880,] -71.45590 41.37344
 [881,] -73.75571 42.16763
 [882,] -71.62734 42.07861
 [883,] -71.01460 44.69548
 [884,] -72.00084 42.03601
 [885,] -72.30938 41.85622
 [886,] -69.99864 45.19171
 [887,] -72.20717 42.34631
 [888,] -68.61822 45.00556
 [889,] -67.99230 44.10041
 [890,] -70.09829 41.22148
 [891,] -70.56257 43.89799
 [892,] -69.52009 45.42329
 [893,] -72.79787 41.49883
 [894,] -70.46196 43.37835
 [895,] -68.66225 44.14182
 [896,] -72.45441 41.61972
 [897,] -70.33669 43.02895
 [898,] -70.21402 43.26761
 [899,] -67.59546 44.56281
 [900,] -69.79162 44.24760
 [901,] -72.80738 42.12130
 [902,] -72.04933 41.08610
 [903,] -72.66777 41.98538
 [904,] -69.52903 44.47794
 [905,] -68.40309 44.45588
 [906,] -67.96434 44.61812
 [907,] -70.26712 41.49036
 [908,] -68.61174 43.91123
 [909,] -69.85021 43.51739
 [910,] -68.67616 45.17242
 [911,] -70.74346 41.57184
 [912,] -73.41449 41.45756
 [913,] -73.51963 41.61864
 [914,] -68.21858 44.39659
 [915,] -69.98160 41.50944
 [916,] -70.68828 43.13650
 [917,] -70.84525 40.89442
 [918,] -68.57724 44.36546
 [919,] -72.65029 41.52490
 [920,] -69.28195 43.51474
 [921,] -68.18506 44.20288
 [922,] -69.81251 45.15557
 [923,] -72.55551 42.15701
 [924,] -72.09481 41.06564
 [925,] -72.33813 41.75643
 [926,] -70.59659 41.53008
 [927,] -69.70961 43.34245
 [928,] -70.77761 43.06066
 [929,] -68.70933 45.23573
 [930,] -69.96388 45.71212
 [931,] -71.35457 43.94965
 [932,] -69.78392 44.68196
 [933,] -69.09390 45.64537
 [934,] -72.16108 42.17163
 [935,] -70.00377 44.38346
 [936,] -68.34802 47.07729
 [937,] -70.22738 43.52433
 [938,] -67.97802 44.85819
 [939,] -68.57001 44.91663
 [940,] -70.97971 41.68692
 [941,] -67.87742 46.71944
 [942,] -69.92491 43.79976
 [943,] -70.28954 43.26630
 [944,] -71.26521 44.57609
 [945,] -67.91424 46.55800
 [946,] -69.70813 45.04920
 [947,] -69.21058 45.57668
 [948,] -70.72165 44.65133
 [949,] -70.69435 40.99811
 [950,] -72.01131 41.61824
 [951,] -69.61834 43.91068
 [952,] -67.98821 44.87766
 [953,] -73.14996 42.41716
 [954,] -73.17604 41.81608
 [955,] -69.40753 44.27001
 [956,] -71.55590 41.98927
 [957,] -68.66666 44.14188
 [958,] -68.08154 44.65467
 [959,] -69.88284 40.82743
 [960,] -69.84292 40.84257
 [961,] -70.65733 44.51759
 [962,] -67.48160 45.48573
 [963,] -71.89531 41.52139
 [964,] -70.09338 41.45227
 [965,] -71.34771 44.09589
 [966,] -69.14164 44.05953
 [967,] -71.39905 43.69119
 [968,] -72.59392 42.07064
 [969,] -68.78350 44.13464
 [970,] -70.99039 44.19297
 [971,] -69.97415 44.55396
 [972,] -68.61845 45.28089
 [973,] -71.24105 43.35925
 [974,] -68.50259 47.20609
 [975,] -73.35142 41.72249
 [976,] -72.88069 42.14900
 [977,] -72.14486 41.18993
 [978,] -68.44679 46.61151
 [979,] -69.80356 41.06966
 [980,] -69.50902 43.79509
 [981,] -70.27739 40.90083
 [982,] -70.45513 43.70206
 [983,] -71.50343 41.45113
 [984,] -71.27500 41.38570
 [985,] -68.26262 44.47198
 [986,] -70.92197 41.76166
 [987,] -69.93339 43.96038
 [988,] -69.07474 45.06481
 [989,] -68.04333 46.61521
 [990,] -73.18381 41.41454
 [991,] -70.70075 41.48306
 [992,] -68.59296 44.42531
 [993,] -68.86777 44.04947
 [994,] -72.09455 42.27961
 [995,] -70.29337 41.14812
 [996,] -68.85488 43.98275
 [997,] -68.21869 44.39568
 [998,] -70.83925 43.10363
 [999,] -71.41509 41.53254
[1000,] -71.26556 41.05326
Coordinate Reference System (CRS) arguments: +proj=longlat +datum=WGS84
+ellps=WGS84 +towgs84=0,0,0 
