SpatialPoints:
                x        y
   [1,] -82.92322 41.37764
   [2,] -88.13829 40.81926
   [3,] -82.52156 36.79319
   [4,] -79.91612 43.89658
   [5,] -88.97452 36.61858
   [6,] -63.95011 45.00312
   [7,] -89.78792 42.09586
   [8,] -92.65159 37.95953
   [9,] -80.79915 41.59187
  [10,] -81.60087 40.88690
  [11,] -70.65092 42.18562
  [12,] -89.30857 41.23030
  [13,] -93.08368 38.46458
  [14,] -89.49947 36.75020
  [15,] -84.03168 34.45754
  [16,] -79.31657 39.53044
  [17,] -83.32322 41.61912
  [18,] -88.97000 37.05822
  [19,] -90.48415 41.24652
  [20,] -84.00312 35.92454
  [21,] -91.96918 37.53778
  [22,] -80.66427 41.40271
  [23,] -88.92573 36.51839
  [24,] -78.42949 38.53629
  [25,] -89.46704 42.19961
  [26,] -90.63829 40.54012
  [27,] -88.99816 42.70682
  [28,] -72.20751 42.02817
  [29,] -78.06703 41.18627
  [30,] -91.05381 40.91490
  [31,] -87.72864 41.95230
  [32,] -70.93289 42.35459
  [33,] -89.78619 38.13659
  [34,] -87.45331 40.09360
  [35,] -89.68188 38.86074
  [36,] -88.87348 40.21599
  [37,] -89.37593 42.21217
  [38,] -92.56985 38.64160
  [39,] -82.94055 39.11147
  [40,] -76.27007 41.06752
  [41,] -88.35174 41.40187
  [42,] -63.24256 44.74428
  [43,] -77.93103 41.08482
  [44,] -78.64570 39.13064
  [45,] -71.03282 42.28303
  [46,] -82.83766 35.52455
  [47,] -69.68705 44.23266
  [48,] -83.60934 34.86716
  [49,] -87.35661 40.32353
  [50,] -82.72227 39.79388
  [51,] -88.02459 41.30023
  [52,] -82.23900 35.51640
  [53,] -87.98141 41.44613
  [54,] -89.54732 36.44966
  [55,] -83.70234 35.98737
  [56,] -83.82706 39.81476
  [57,] -88.09438 41.12697
  [58,] -83.91079 35.00619
  [59,] -89.12982 41.11235
  [60,] -88.94774 40.35400
  [61,] -85.51739 33.63211
  [62,] -71.43689 41.43497
  [63,] -78.43869 39.25314
  [64,] -89.65706 36.48408
  [65,] -76.84390 39.01886
  [66,] -89.58984 42.12435
  [67,] -89.70911 37.18114
  [68,] -90.87389 39.87241
  [69,] -90.82504 40.70201
  [70,] -79.90315 43.71058
  [71,] -88.93736 39.92659
  [72,] -79.39070 41.58825
  [73,] -91.13487 41.15056
  [74,] -79.19102 38.15408
  [75,] -90.15344 39.89058
  [76,] -77.36535 40.32140
  [77,] -83.12609 35.40007
  [78,] -88.52984 40.07813
  [79,] -82.93961 41.26794
  [80,] -78.13422 40.73351
  [81,] -84.54950 42.97313
  [82,] -70.20560 43.78816
  [83,] -87.80168 41.35165
  [84,] -94.31642 36.73968
  [85,] -90.14823 39.87808
  [86,] -87.99440 42.41664
  [87,] -90.57152 38.07687
  [88,] -91.84956 37.67816
  [89,] -72.30403 41.78800
  [90,] -86.32948 35.71924
  [91,] -82.80340 41.61486
  [92,] -90.38521 39.99239
  [93,] -74.11527 43.60271
  [94,] -82.43737 36.84944
  [95,] -79.49051 38.63641
  [96,] -90.18770 38.48295
  [97,] -90.60484 38.56571
  [98,] -70.87825 42.23179
  [99,] -79.27149 44.09355
 [100,] -88.05526 41.10358
 [101,] -85.86502 33.25546
 [102,] -82.29005 35.18447
 [103,] -71.75719 42.34827
 [104,] -86.19489 35.50242
 [105,] -88.10917 40.28211
 [106,] -92.96744 37.87694
 [107,] -79.07491 43.69525
 [108,] -83.47340 34.81631
 [109,] -92.52466 38.16446
 [110,] -89.39267 37.76303
 [111,] -89.64132 39.92621
 [112,] -83.51501 34.54612
 [113,] -90.81150 39.68074
 [114,] -83.59416 39.94874
 [115,] -76.98169 39.12426
 [116,] -84.36937 39.86762
 [117,] -63.89046 44.77960
 [118,] -77.55806 41.12835
 [119,] -87.37879 41.82590
 [120,] -87.87326 39.85179
 [121,] -89.24846 42.04092
 [122,] -77.77392 38.89638
 [123,] -92.94527 38.54049
 [124,] -90.12062 38.37258
 [125,] -73.82198 43.45517
 [126,] -82.87245 41.41369
 [127,] -79.14350 41.51405
 [128,] -89.15905 40.57603
 [129,] -87.65652 40.57934
 [130,] -78.71422 41.77466
 [131,] -89.73744 38.23896
 [132,] -76.95717 38.79229
 [133,] -82.33380 36.84377
 [134,] -87.35996 42.54305
 [135,] -88.71311 39.25356
 [136,] -83.36157 35.80749
 [137,] -86.07735 33.48330
 [138,] -82.26302 35.86111
 [139,] -93.80469 35.80805
 [140,] -79.03779 38.98434
 [141,] -94.13754 36.87127
 [142,] -90.28757 40.65159
 [143,] -90.08095 41.40638
 [144,] -93.97007 36.80731
 [145,] -78.84199 41.34140
 [146,] -89.69630 40.82532
 [147,] -83.73362 39.46970
 [148,] -87.93284 40.67750
 [149,] -80.90360 41.16197
 [150,] -72.19780 42.09470
 [151,] -88.30092 39.41612
 [152,] -91.52202 37.74271
 [153,] -91.14020 40.62206
 [154,] -83.50934 35.30949
 [155,] -89.54119 36.25913
 [156,] -82.55647 41.43229
 [157,] -94.27837 36.39037
 [158,] -73.78374 43.53470
 [159,] -79.80846 43.46070
 [160,] -87.73417 41.20180
 [161,] -87.88071 41.68840
 [162,] -73.18739 43.54184
 [163,] -79.31467 44.04580
 [164,] -84.06987 39.78712
 [165,] -83.29843 34.47087
 [166,] -88.36403 40.57758
 [167,] -71.80731 41.48724
 [168,] -89.58872 38.04025
 [169,] -76.78715 41.10370
 [170,] -84.78220 34.81619
 [171,] -79.55004 44.07798
 [172,] -90.81500 38.99020
 [173,] -78.12012 39.22241
 [174,] -86.81246 35.53963
 [175,] -88.71843 40.60047
 [176,] -87.86103 41.78034
 [177,] -69.99906 44.26080
 [178,] -90.09716 39.62510
 [179,] -92.34054 38.44127
 [180,] -86.34691 35.71011
 [181,] -73.36961 43.90488
 [182,] -89.01484 36.08541
 [183,] -88.45493 42.57149
 [184,] -89.83596 42.38256
 [185,] -87.47215 42.00482
 [186,] -73.79356 43.83855
 [187,] -87.55934 39.65586
 [188,] -73.64958 43.48403
 [189,] -86.84059 35.19451
 [190,] -88.42436 37.10826
 [191,] -87.86800 40.47481
 [192,] -77.87562 38.98965
 [193,] -88.66347 37.22064
 [194,] -90.52263 42.65946
 [195,] -87.35009 42.61671
 [196,] -79.54792 38.93541
 [197,] -83.03346 42.06083
 [198,] -87.89833 39.40168
 [199,] -89.77037 36.48729
 [200,] -83.66996 39.46606
 [201,] -86.52718 35.34650
 [202,] -76.20024 40.47959
 [203,] -89.08165 36.12214
 [204,] -88.20394 42.75530
 [205,] -78.98435 43.76113
 [206,] -90.52156 39.08135
 [207,] -83.80450 40.02019
 [208,] -71.85349 41.36400
 [209,] -77.47099 40.61961
 [210,] -89.73090 37.47125
 [211,] -87.56921 39.96477
 [212,] -78.75354 38.57269
 [213,] -77.05020 38.79571
 [214,] -90.08232 38.78882
 [215,] -90.52758 40.44626
 [216,] -89.35031 40.93030
 [217,] -88.10283 39.34865
 [218,] -94.54383 35.97919
 [219,] -79.48842 38.68647
 [220,] -90.10212 38.06421
 [221,] -86.25059 33.29066
 [222,] -89.08672 36.47761
 [223,] -89.69050 37.49675
 [224,] -89.66803 40.59403
 [225,] -77.96054 40.77987
 [226,] -88.97592 40.26935
 [227,] -69.89331 44.14109
 [228,] -63.57252 44.68303
 [229,] -78.21859 40.79966
 [230,] -85.85572 33.39610
 [231,] -86.25296 35.68315
 [232,] -71.64126 41.81101
 [233,] -79.22220 41.67873
 [234,] -83.08929 35.95010
 [235,] -85.60764 33.40860
 [236,] -83.21230 34.87307
 [237,] -82.98677 35.47780
 [238,] -81.64453 41.12679
 [239,] -90.14481 38.74301
 [240,] -87.25893 39.27969
 [241,] -86.72715 35.23519
 [242,] -79.34260 43.64808
 [243,] -94.52252 36.37546
 [244,] -77.22064 38.93027
 [245,] -82.31200 35.52608
 [246,] -63.21724 44.76841
 [247,] -86.04620 33.74018
 [248,] -83.71537 35.20936
 [249,] -89.54073 40.70461
 [250,] -88.22831 39.39133
 [251,] -88.41579 39.03951
 [252,] -82.58196 36.84642
 [253,] -80.79261 41.84502
 [254,] -89.42763 37.96151
 [255,] -77.84702 39.02404
 [256,] -79.49268 41.47810
 [257,] -77.74436 38.86604
 [258,] -87.69780 42.75050
 [259,] -63.26711 44.51535
 [260,] -72.13994 41.72614
 [261,] -89.54554 42.28422
 [262,] -79.35808 43.82733
 [263,] -88.55126 37.27074
 [264,] -77.35545 40.77099
 [265,] -89.09335 42.59069
 [266,] -89.32521 42.67544
 [267,] -79.28496 38.75756
 [268,] -89.09057 39.76640
 [269,] -84.02574 42.69629
 [270,] -81.02533 41.58227
 [271,] -83.57821 35.04069
 [272,] -90.58177 40.95729
 [273,] -89.75497 42.40754
 [274,] -89.86846 38.82303
 [275,] -79.54024 43.47873
 [276,] -77.53914 39.98645
 [277,] -82.89204 35.27707
 [278,] -90.97539 40.87393
 [279,] -82.77993 39.08932
 [280,] -88.89864 42.56078
 [281,] -93.94944 36.25819
 [282,] -93.98817 35.52952
 [283,] -90.68257 41.34378
 [284,] -88.22290 39.18562
 [285,] -73.83835 43.84896
 [286,] -85.48869 33.34421
 [287,] -88.66585 40.22559
 [288,] -88.45560 39.35577
 [289,] -88.19397 41.10283
 [290,] -82.82839 41.46068
 [291,] -90.69283 39.72697
 [292,] -79.21173 41.24726
 [293,] -77.30571 38.61014
 [294,] -89.21519 36.22296
 [295,] -82.54471 39.17002
 [296,] -84.24717 39.89803
 [297,] -94.44277 36.42406
 [298,] -89.75959 37.48397
 [299,] -90.20037 38.97106
 [300,] -85.43565 33.78589
 [301,] -90.03784 42.07413
 [302,] -92.15958 38.13521
 [303,] -88.14603 37.86709
 [304,] -92.90330 38.22850
 [305,] -89.80598 37.85279
 [306,] -86.28013 33.37827
 [307,] -79.64002 38.92320
 [308,] -90.04372 37.82639
 [309,] -88.86133 37.16483
 [310,] -82.12117 39.22348
 [311,] -91.37235 37.94610
 [312,] -81.36608 41.11631
 [313,] -91.93672 38.09845
 [314,] -79.14479 37.97120
 [315,] -80.92019 41.70659
 [316,] -88.59049 37.44675
 [317,] -81.23819 41.16188
 [318,] -69.80992 43.60993
 [319,] -94.41723 36.64535
 [320,] -84.79166 34.39508
 [321,] -70.16591 44.08447
 [322,] -89.71602 36.63059
 [323,] -79.34251 38.94361
 [324,] -90.64109 40.94146
 [325,] -88.56194 39.46797
 [326,] -87.96740 41.93132
 [327,] -91.48607 37.88872
 [328,] -90.22429 40.77833
 [329,] -90.11432 39.64455
 [330,] -79.30860 39.41370
 [331,] -88.40286 40.25884
 [332,] -69.78387 43.69100
 [333,] -77.77388 40.49474
 [334,] -69.54754 43.80157
 [335,] -77.77745 38.38422
 [336,] -79.41009 43.71722
 [337,] -82.17123 41.36107
 [338,] -89.88881 36.12909
 [339,] -81.57015 41.22893
 [340,] -90.57395 38.83757
 [341,] -91.94957 37.88130
 [342,] -86.88168 35.77315
 [343,] -89.25801 36.48089
 [344,] -87.96280 41.53960
 [345,] -94.13238 36.34446
 [346,] -81.68597 41.00897
 [347,] -88.24809 39.74018
 [348,] -94.35363 35.44556
 [349,] -63.86526 45.05204
 [350,] -94.24497 36.82158
 [351,] -83.03472 41.56735
 [352,] -78.79763 41.50049
 [353,] -63.74068 44.88899
 [354,] -78.21586 40.01904
 [355,] -69.88441 43.80717
 [356,] -85.53261 33.77334
 [357,] -89.82981 42.68469
 [358,] -94.56161 36.10091
 [359,] -89.77042 40.93384
 [360,] -76.92416 39.39395
 [361,] -90.11679 37.82219
 [362,] -89.61306 40.47805
 [363,] -79.11120 43.43844
 [364,] -88.23373 39.23375
 [365,] -90.05055 41.36657
 [366,] -84.67378 34.47915
 [367,] -78.84963 37.81194
 [368,] -82.75173 36.97255
 [369,] -90.13341 41.44618
 [370,] -86.32702 35.91632
 [371,] -81.13208 41.65440
 [372,] -90.59997 39.09973
 [373,] -89.30519 36.36727
 [374,] -77.79294 38.36569
 [375,] -88.74785 40.64334
 [376,] -89.15312 37.54296
 [377,] -83.21918 34.60106
 [378,] -78.78245 41.87976
 [379,] -90.73276 39.84564
 [380,] -88.70376 40.12308
 [381,] -82.47901 41.80660
 [382,] -84.91146 42.85140
 [383,] -77.92085 40.33817
 [384,] -71.19031 41.55259
 [385,] -79.10286 38.77052
 [386,] -86.16516 35.27356
 [387,] -78.78431 38.32486
 [388,] -78.97866 39.39126
 [389,] -90.00911 39.27353
 [390,] -86.54428 35.20674
 [391,] -79.55497 43.48159
 [392,] -76.05892 40.49309
 [393,] -88.55297 40.82455
 [394,] -82.28757 39.38262
 [395,] -77.31754 40.15163
 [396,] -77.51714 40.62843
 [397,] -79.32532 43.70815
 [398,] -90.00539 38.68103
 [399,] -77.98914 41.02788
 [400,] -83.39309 36.12567
 [401,] -82.97904 39.39873
 [402,] -87.81650 42.09607
 [403,] -78.87026 41.28905
 [404,] -80.79372 41.65077
 [405,] -81.84098 41.26961
 [406,] -70.39922 43.96312
 [407,] -77.46035 39.23923
 [408,] -87.90281 42.66589
 [409,] -88.77820 36.96153
 [410,] -91.34620 37.90596
 [411,] -77.29025 39.85550
 [412,] -89.91551 41.24241
 [413,] -78.72859 41.50523
 [414,] -71.42473 41.27940
 [415,] -78.29585 40.98410
 [416,] -94.11849 35.95297
 [417,] -86.28160 35.42691
 [418,] -88.37534 39.95417
 [419,] -83.79699 40.10091
 [420,] -89.99790 38.82510
 [421,] -88.71257 37.61396
 [422,] -93.98278 36.45337
 [423,] -94.05714 36.74299
 [424,] -78.88015 38.98668
 [425,] -82.12087 35.96952
 [426,] -78.32863 38.89358
 [427,] -84.56550 42.60314
 [428,] -90.21216 39.52806
 [429,] -78.16472 40.12628
 [430,] -76.33998 41.14677
 [431,] -73.73902 43.73563
 [432,] -82.26242 35.76485
 [433,] -73.71471 43.85898
 [434,] -88.14593 41.80449
 [435,] -90.19383 42.79866
 [436,] -86.24293 33.36622
 [437,] -77.14849 39.07359
 [438,] -73.93261 43.80232
 [439,] -82.60118 41.89096
 [440,] -88.32634 40.87151
 [441,] -78.47564 38.92183
 [442,] -89.99922 39.09000
 [443,] -82.78628 41.75036
 [444,] -90.26469 42.53912
 [445,] -91.97169 37.80965
 [446,] -76.77177 40.58480
 [447,] -82.98496 39.12259
 [448,] -87.67001 41.23814
 [449,] -82.71031 42.02392
 [450,] -88.21899 42.35356
 [451,] -88.12466 40.15921
 [452,] -88.68935 39.47773
 [453,] -63.31085 44.65469
 [454,] -88.49969 40.22664
 [455,] -90.79109 39.82274
 [456,] -90.24429 42.70307
 [457,] -89.31081 38.28767
 [458,] -78.28506 39.01870
 [459,] -90.95707 41.24899
 [460,] -87.90072 37.60760
 [461,] -82.19801 35.35089
 [462,] -86.07599 33.56588
 [463,] -70.35722 43.55560
 [464,] -82.43329 39.17004
 [465,] -73.97457 43.89804
 [466,] -83.00103 35.17835
 [467,] -78.71583 41.80777
 [468,] -89.53230 41.26590
 [469,] -82.04085 39.34361
 [470,] -64.09919 44.58905
 [471,] -83.84410 35.46046
 [472,] -77.20069 39.33106
 [473,] -77.08475 39.25408
 [474,] -94.38805 36.60697
 [475,] -82.48582 37.08741
 [476,] -88.65036 40.34027
 [477,] -77.44846 38.71738
 [478,] -83.48802 35.14671
 [479,] -87.82814 39.23346
 [480,] -75.85476 40.66157
 [481,] -88.27583 37.67820
 [482,] -89.80476 38.04271
 [483,] -88.40770 39.72975
 [484,] -78.08028 38.32178
 [485,] -81.28812 41.20227
 [486,] -88.55984 37.32030
 [487,] -89.27202 38.03182
 [488,] -79.28014 43.38789
 [489,] -79.45281 43.99122
 [490,] -79.35820 41.67174
 [491,] -79.97923 43.60410
 [492,] -89.79790 42.25113
 [493,] -88.25821 37.38629
 [494,] -83.54801 35.20671
 [495,] -77.39759 40.28332
 [496,] -87.90169 41.91237
 [497,] -76.90388 40.55198
 [498,] -90.21108 38.70083
 [499,] -77.26541 39.97984
 [500,] -85.89164 33.78642
 [501,] -86.61542 35.26965
 [502,] -83.10857 35.87199
 [503,] -94.66363 36.46807
 [504,] -82.11173 35.95659
 [505,] -79.50153 38.81604
 [506,] -86.24047 33.71405
 [507,] -89.99122 39.06309
 [508,] -83.82094 34.29667
 [509,] -90.72740 40.72148
 [510,] -88.24930 37.80790
 [511,] -91.68445 38.10982
 [512,] -79.34059 43.81198
 [513,] -89.93804 37.29575
 [514,] -77.50286 41.00515
 [515,] -76.48565 40.67866
 [516,] -87.48344 39.50619
 [517,] -77.37702 39.00683
 [518,] -81.66000 41.28744
 [519,] -86.05337 33.66635
 [520,] -90.43057 40.18422
 [521,] -78.28568 38.88420
 [522,] -83.86815 42.64616
 [523,] -90.18822 42.81544
 [524,] -77.24083 39.34350
 [525,] -82.69100 39.28445
 [526,] -63.55320 44.49890
 [527,] -71.48756 41.92442
 [528,] -81.86114 35.78665
 [529,] -90.32638 38.75081
 [530,] -87.39613 41.72136
 [531,] -81.37746 40.50903
 [532,] -89.02673 37.23535
 [533,] -70.98777 42.17286
 [534,] -82.66115 36.51344
 [535,] -88.75730 40.67795
 [536,] -83.58621 34.48099
 [537,] -83.11903 35.40824
 [538,] -81.55104 41.48580
 [539,] -78.25553 39.09553
 [540,] -92.70785 37.95941
 [541,] -82.19513 39.74405
 [542,] -89.02762 40.93636
 [543,] -93.80278 36.73914
 [544,] -63.55656 44.70335
 [545,] -76.74900 39.14137
 [546,] -73.62861 43.93541
 [547,] -73.52846 43.26559
 [548,] -79.59201 39.09270
 [549,] -89.17643 36.05833
 [550,] -84.73370 34.65492
 [551,] -88.93089 37.61346
 [552,] -76.63717 40.69152
 [553,] -91.38914 41.12049
 [554,] -83.62269 35.90977
 [555,] -88.28944 41.44390
 [556,] -88.16451 39.25391
 [557,] -84.79443 42.95837
 [558,] -90.52750 39.38618
 [559,] -83.99122 42.45305
 [560,] -90.67589 39.12397
 [561,] -90.55990 40.98949
 [562,] -78.89043 39.02456
 [563,] -78.66657 39.08198
 [564,] -93.07073 38.33283
 [565,] -92.85913 38.24864
 [566,] -87.72550 41.22200
 [567,] -89.25796 36.21731
 [568,] -90.64133 40.96954
 [569,] -85.76492 33.05204
 [570,] -89.66920 36.67419
 [571,] -76.92578 40.98033
 [572,] -84.41866 34.84090
 [573,] -82.83493 39.22321
 [574,] -94.55867 36.55236
 [575,] -84.03520 40.03951
 [576,] -88.46856 37.49643
 [577,] -89.50867 40.74087
 [578,] -94.63142 35.59106
 [579,] -77.55618 40.93658
 [580,] -79.07674 39.00824
 [581,] -71.34241 42.27119
 [582,] -83.97540 42.61745
 [583,] -81.04305 40.73293
 [584,] -84.89119 42.54050
 [585,] -82.90590 36.52935
 [586,] -90.17390 39.15512
 [587,] -90.11646 40.29631
 [588,] -82.85445 41.90920
 [589,] -88.23513 39.70102
 [590,] -71.99459 42.02782
 [591,] -83.87781 35.65658
 [592,] -76.68534 38.81487
 [593,] -90.59332 42.30204
 [594,] -83.73537 35.81948
 [595,] -83.21126 41.40766
 [596,] -82.81828 36.97199
 [597,] -89.42287 42.27735
 [598,] -82.56300 41.81956
 [599,] -79.58198 39.19724
 [600,] -84.09322 42.94529
 [601,] -91.15901 40.85468
 [602,] -63.85754 44.46853
 [603,] -89.31654 42.71619
 [604,] -89.66590 42.12971
 [605,] -82.14701 35.66454
 [606,] -78.41045 39.07623
 [607,] -87.06730 39.86738
 [608,] -63.28284 44.39828
 [609,] -90.05929 38.17133
 [610,] -91.30224 41.01219
 [611,] -94.49543 35.58976
 [612,] -79.51573 41.24568
 [613,] -76.09463 40.86707
 [614,] -77.87126 38.75237
 [615,] -76.80137 38.79891
 [616,] -88.72313 40.34316
 [617,] -77.19924 38.67494
 [618,] -82.77358 41.99952
 [619,] -81.20899 40.68569
 [620,] -87.72831 42.62023
 [621,] -89.25022 37.43209
 [622,] -83.96667 39.59441
 [623,] -77.43949 39.06535
 [624,] -71.05282 42.24504
 [625,] -71.35193 42.43478
 [626,] -89.63441 40.40829
 [627,] -90.50871 40.44716
 [628,] -88.94811 38.24685
 [629,] -88.16221 39.79787
 [630,] -63.89068 44.41974
 [631,] -73.16011 43.75302
 [632,] -76.71137 40.99550
 [633,] -78.59053 38.32919
 [634,] -82.59761 41.58731
 [635,] -90.37369 42.49908
 [636,] -84.04913 43.04285
 [637,] -88.08890 39.32117
 [638,] -81.07961 41.43011
 [639,] -87.84158 40.16562
 [640,] -92.16757 37.94856
 [641,] -77.91749 40.23874
 [642,] -71.63197 42.40703
 [643,] -90.79417 40.57683
 [644,] -93.96269 35.56243
 [645,] -81.18347 40.85522
 [646,] -82.18247 39.17387
 [647,] -87.71914 42.40593
 [648,] -90.24020 38.05226
 [649,] -82.63763 36.91396
 [650,] -81.29235 41.04269
 [651,] -82.89287 41.50007
 [652,] -87.55263 39.04144
 [653,] -88.96353 40.21267
 [654,] -89.89027 39.62756
 [655,] -79.14892 38.89777
 [656,] -90.35398 39.60060
 [657,] -77.25911 39.18013
 [658,] -86.67892 35.28455
 [659,] -78.56164 38.87749
 [660,] -70.59038 42.19297
 [661,] -90.04936 37.97779
 [662,] -92.38517 38.07973
 [663,] -82.51834 36.96586
 [664,] -78.98454 43.72284
 [665,] -94.46544 36.36758
 [666,] -70.90625 41.79416
 [667,] -91.31978 38.18393
 [668,] -76.70692 38.99217
 [669,] -83.69322 35.22600
 [670,] -63.63183 44.36609
 [671,] -89.14477 36.27353
 [672,] -78.13971 38.76498
 [673,] -82.28623 35.56421
 [674,] -73.77177 43.56538
 [675,] -90.26075 42.04021
 [676,] -79.15380 41.75010
 [677,] -89.24197 37.53697
 [678,] -88.32528 40.90079
 [679,] -85.36109 33.55431
 [680,] -94.13882 35.88374
 [681,] -89.03109 36.35870
 [682,] -82.74725 41.89689
 [683,] -91.64297 37.72387
 [684,] -76.36932 41.01422
 [685,] -79.01329 39.48983
 [686,] -87.33842 40.34653
 [687,] -82.56025 39.74477
 [688,] -89.35288 42.31203
 [689,] -78.28558 40.70979
 [690,] -89.31017 37.89663
 [691,] -85.96138 33.31408
 [692,] -84.38095 40.01133
 [693,] -92.76169 38.34594
 [694,] -91.46977 38.03710
 [695,] -79.39502 38.76042
 [696,] -89.66680 35.98808
 [697,] -90.73682 40.69401
 [698,] -88.41409 40.06002
 [699,] -88.41028 37.12689
 [700,] -88.12273 39.98619
 [701,] -82.97477 39.71622
 [702,] -83.36354 35.56604
 [703,] -89.94430 36.22990
 [704,] -82.34089 37.01388
 [705,] -78.01290 39.23888
 [706,] -91.10756 40.62003
 [707,] -83.02826 41.39796
 [708,] -84.27048 42.76421
 [709,] -81.09326 41.94423
 [710,] -83.88443 40.10013
 [711,] -89.97284 42.73456
 [712,] -89.85918 40.85811
 [713,] -82.51201 35.52806
 [714,] -79.23926 38.28037
 [715,] -89.27166 40.36390
 [716,] -76.60774 40.93301
 [717,] -88.75725 39.74985
 [718,] -71.09738 41.95286
 [719,] -63.42331 44.29537
 [720,] -90.29156 38.80904
 [721,] -63.26213 44.34722
 [722,] -71.89720 42.19086
 [723,] -78.22068 38.30622
 [724,] -71.19612 42.64838
 [725,] -89.23550 38.38270
 [726,] -78.21583 40.83333
 [727,] -88.46756 37.43829
 [728,] -89.23179 40.36140
 [729,] -89.80010 36.14442
 [730,] -87.73556 41.23392
 [731,] -84.46493 42.38434
 [732,] -83.30879 35.32156
 [733,] -82.63333 39.75114
 [734,] -87.53042 41.68097
 [735,] -88.24523 41.61058
 [736,] -94.27142 35.98574
 [737,] -87.00286 35.23463
 [738,] -91.50741 40.93953
 [739,] -89.87851 42.52383
 [740,] -88.71524 39.27005
 [741,] -87.76285 41.88633
 [742,] -92.51222 38.55571
 [743,] -77.54404 39.82449
 [744,] -89.10715 42.23745
 [745,] -84.45707 42.51131
 [746,] -79.58982 43.59159
 [747,] -93.96274 36.34641
 [748,] -94.24930 36.51235
 [749,] -89.77261 38.63934
 [750,] -76.23818 40.75706
 [751,] -78.46658 38.72437
 [752,] -85.62822 33.16940
 [753,] -92.19522 38.06867
 [754,] -94.22671 36.14328
 [755,] -70.94993 42.34214
 [756,] -83.77090 34.63543
 [757,] -88.87398 37.51977
 [758,] -71.52975 42.84301
 [759,] -87.40677 39.09589
 [760,] -89.34251 37.09857
 [761,] -84.94103 34.96252
 [762,] -83.07635 35.47723
 [763,] -89.51438 41.21459
 [764,] -87.70415 40.22068
 [765,] -87.67213 41.39566
 [766,] -87.39441 41.16969
 [767,] -84.82205 34.32206
 [768,] -87.38481 41.55110
 [769,] -84.17402 42.93395
 [770,] -76.61854 39.06385
 [771,] -85.28985 33.52841
 [772,] -88.42102 37.91293
 [773,] -82.10423 35.56584
 [774,] -79.03499 38.04251
 [775,] -84.45246 42.88694
 [776,] -81.33176 41.27631
 [777,] -78.20652 38.76746
 [778,] -90.15366 40.61011
 [779,] -89.18784 41.08436
 [780,] -78.42061 38.25090
 [781,] -83.03636 41.34762
 [782,] -84.92469 34.73420
 [783,] -84.87807 42.77576
 [784,] -73.69737 43.62249
 [785,] -83.81700 35.19707
 [786,] -86.23011 35.52349
 [787,] -71.57508 41.81057
 [788,] -89.95336 40.49140
 [789,] -83.92234 42.87985
 [790,] -88.02227 39.57644
 [791,] -84.09632 42.41340
 [792,] -77.17495 38.92797
 [793,] -84.72184 42.36230
 [794,] -79.74214 39.25683
 [795,] -82.55147 41.23397
 [796,] -81.46744 40.83259
 [797,] -88.09167 41.35123
 [798,] -92.42424 37.93889
 [799,] -90.29447 38.60833
 [800,] -83.72269 34.77228
 [801,] -71.72533 42.76553
 [802,] -88.89146 40.58925
 [803,] -89.84942 39.18232
 [804,] -78.34378 39.17572
 [805,] -88.19165 40.03999
 [806,] -81.33461 41.16041
 [807,] -90.43728 38.32563
 [808,] -90.31187 39.34505
 [809,] -89.33406 42.25245
 [810,] -71.76287 41.84715
 [811,] -73.88785 43.72424
 [812,] -69.56972 43.98518
 [813,] -79.60493 38.83195
 [814,] -84.62913 34.47485
 [815,] -89.50585 38.21834
 [816,] -77.77253 38.79023
 [817,] -83.38968 41.51262
 [818,] -84.44344 34.98401
 [819,] -77.44126 40.16637
 [820,] -91.43021 40.82324
 [821,] -77.35387 39.02367
 [822,] -71.54269 42.15865
 [823,] -83.35119 34.97994
 [824,] -87.48745 41.42195
 [825,] -76.95205 39.29481
 [826,] -87.25757 39.12009
 [827,] -79.01827 43.80784
 [828,] -71.15613 41.55241
 [829,] -73.64864 43.94779
 [830,] -90.00833 41.40457
 [831,] -77.34263 40.05993
 [832,] -88.93414 38.02895
 [833,] -89.59013 37.16827
 [834,] -73.54293 43.52584
 [835,] -71.31148 41.52366
 [836,] -87.51060 40.48453
 [837,] -90.18636 41.15565
 [838,] -81.57928 41.62653
 [839,] -90.94405 38.80514
 [840,] -77.71214 40.75209
 [841,] -79.99821 43.87972
 [842,] -84.82381 34.44621
 [843,] -90.34473 40.56511
 [844,] -77.92259 39.05545
 [845,] -89.88301 40.40401
 [846,] -70.25182 44.03816
 [847,] -90.76318 40.61406
 [848,] -77.86774 39.94658
 [849,] -83.79366 39.66758
 [850,] -82.68786 36.50610
 [851,] -89.61767 42.49602
 [852,] -82.04849 35.87588
 [853,] -89.41005 38.44814
 [854,] -83.89045 35.89719
 [855,] -80.96765 41.70928
 [856,] -71.94897 41.34649
 [857,] -88.27620 41.24185
 [858,] -84.51317 43.11785
 [859,] -89.74131 36.17202
 [860,] -79.07439 38.43157
 [861,] -91.74810 38.01779
 [862,] -86.82664 35.15597
 [863,] -73.30191 43.62918
 [864,] -84.09130 42.87844
 [865,] -77.32681 38.79082
 [866,] -71.14582 42.71056
 [867,] -92.68050 38.22919
 [868,] -71.35755 42.04420
 [869,] -78.09721 39.33880
 [870,] -83.28065 35.48864
 [871,] -94.03714 36.79053
 [872,] -78.25282 38.82292
 [873,] -87.34343 41.57342
 [874,] -87.29475 39.65783
 [875,] -88.08407 40.67047
 [876,] -69.66581 43.66973
 [877,] -78.10935 38.95868
 [878,] -82.51934 36.49316
 [879,] -84.17279 34.95029
 [880,] -89.92128 40.00181
 [881,] -89.73349 37.22466
 [882,] -84.61060 39.70041
 [883,] -83.26834 35.81614
 [884,] -88.04152 39.08171
 [885,] -82.97269 41.22653
 [886,] -89.46570 36.52532
 [887,] -83.65163 35.11502
 [888,] -81.67239 40.79292
 [889,] -78.83946 38.64807
 [890,] -82.77695 35.64045
 [891,] -89.69167 38.01286
 [892,] -83.68214 34.40514
 [893,] -84.02547 40.10538
 [894,] -71.76361 42.12283
 [895,] -64.07845 44.48488
 [896,] -85.72009 33.11520
 [897,] -87.41314 42.55456
 [898,] -79.60248 38.81665
 [899,] -87.77461 41.51633
 [900,] -76.50791 40.60628
 [901,] -79.42462 43.51014
 [902,] -88.35338 41.70712
 [903,] -63.77320 44.47129
 [904,] -83.98665 34.58465
 [905,] -82.49777 35.44886
 [906,] -94.24648 35.53999
 [907,] -84.21559 34.93053
 [908,] -73.52658 43.70626
 [909,] -86.76727 35.81429
 [910,] -93.76773 35.79392
 [911,] -90.21654 38.74459
 [912,] -87.99675 40.36279
 [913,] -79.21809 39.30686
 [914,] -82.56898 41.07149
 [915,] -88.69671 37.12268
 [916,] -88.54722 42.24996
 [917,] -82.78208 39.71668
 [918,] -88.07260 41.11660
 [919,] -84.04041 34.95180
 [920,] -71.23952 41.47979
 [921,] -85.41573 33.58271
 [922,] -79.06473 38.26572
 [923,] -78.67673 38.23923
 [924,] -73.26740 43.35522
 [925,] -82.98752 35.37665
 [926,] -87.30042 42.38141
 [927,] -81.18090 40.86056
 [928,] -88.71535 37.00242
 [929,] -91.51163 37.75353
 [930,] -69.96154 44.12906
 [931,] -83.78723 39.78566
 [932,] -89.21949 37.66492
 [933,] -90.87123 40.14261
 [934,] -83.44092 36.13797
 [935,] -90.23401 38.83858
 [936,] -77.79927 40.78448
 [937,] -78.91215 41.91503
 [938,] -76.82320 40.82850
 [939,] -81.18050 40.57068
 [940,] -76.47419 40.96027
 [941,] -71.24489 41.29839
 [942,] -92.10383 37.67204
 [943,] -73.08411 43.34698
 [944,] -89.70531 42.74279
 [945,] -82.42079 35.51923
 [946,] -63.72201 44.54248
 [947,] -76.84505 40.55265
 [948,] -81.36039 41.27669
 [949,] -81.28083 41.78107
 [950,] -87.59915 41.05397
 [951,] -90.49407 42.26867
 [952,] -88.92830 36.34358
 [953,] -89.73995 38.44739
 [954,] -89.52353 42.77678
 [955,] -88.26544 39.67891
 [956,] -92.47312 37.83476
 [957,] -87.14255 40.15051
 [958,] -76.80847 39.15612
 [959,] -88.24283 40.42230
 [960,] -89.36030 39.90642
 [961,] -83.86413 40.12328
 [962,] -89.85578 40.83890
 [963,] -73.28252 44.06949
 [964,] -88.34178 39.36168
 [965,] -79.59241 43.45418
 [966,] -88.86914 39.80213
 [967,] -71.06991 42.79209
 [968,] -83.15790 35.21200
 [969,] -79.15227 44.01408
 [970,] -91.77002 38.36718
 [971,] -82.81759 35.40155
 [972,] -79.18787 41.54303
 [973,] -69.57262 43.92645
 [974,] -86.66754 35.49925
 [975,] -63.83381 44.69177
 [976,] -78.55164 38.07311
 [977,] -90.14485 42.33414
 [978,] -83.52354 35.96704
 [979,] -94.46136 36.26198
 [980,] -83.80553 34.49189
 [981,] -72.05632 41.96674
 [982,] -78.70255 38.29357
 [983,] -89.56404 40.46534
 [984,] -81.35529 41.16159
 [985,] -79.57942 38.88819
 [986,] -90.58575 40.07667
 [987,] -70.04864 43.99770
 [988,] -89.61200 40.92691
 [989,] -81.24360 41.27018
 [990,] -82.62008 36.62577
 [991,] -83.42884 35.10671
 [992,] -89.32637 38.30858
 [993,] -92.31777 38.22860
 [994,] -83.17871 36.87491
 [995,] -83.94494 42.45757
 [996,] -81.04296 41.19888
 [997,] -88.77515 40.71743
 [998,] -83.04733 36.59516
 [999,] -89.17296 42.20171
[1000,] -92.57988 38.04223
Coordinate Reference System (CRS) arguments: +proj=longlat +datum=WGS84 +ellps=WGS84 +towgs84=0,0,0 
