SpatialPoints:
                x        y
   [1,] -71.66582 41.92902
   [2,] -71.44021 41.59698
   [3,] -72.82919 41.83483
   [4,] -73.03958 41.25596
   [5,] -68.73891 44.71061
   [6,] -69.16065 43.86421
   [7,] -68.75028 44.62130
   [8,] -73.72701 42.15004
   [9,] -71.11780 43.37858
  [10,] -70.08574 43.43852
  [11,] -70.10641 44.02108
  [12,] -70.62430 43.50407
  [13,] -69.54949 43.72441
  [14,] -69.81613 43.54803
  [15,] -72.19131 41.27149
  [16,] -70.47592 43.21456
  [17,] -69.66368 43.47608
  [18,] -70.17131 43.63638
  [19,] -71.83540 42.02753
  [20,] -72.35153 41.55282
  [21,] -72.90139 41.00891
  [22,] -72.69450 41.30727
  [23,] -70.29498 42.92324
  [24,] -72.97411 41.81741
  [25,] -68.60565 43.98276
  [26,] -68.61794 43.79023
  [27,] -73.44025 41.76292
  [28,] -73.62522 41.64349
  [29,] -72.33001 41.78946
  [30,] -71.07142 43.04380
  [31,] -68.51150 44.46508
  [32,] -69.60843 44.29738
  [33,] -72.98660 41.22017
  [34,] -68.34380 44.62908
  [35,] -72.83367 41.91193
  [36,] -72.85758 41.82322
  [37,] -73.60372 42.05736
  [38,] -72.85472 42.16174
  [39,] -70.19695 43.99519
  [40,] -69.25888 43.89197
  [41,] -72.72098 41.70372
  [42,] -68.85618 44.03655
  [43,] -70.17239 43.07623
  [44,] -69.43710 43.39361
  [45,] -72.40780 42.35070
  [46,] -69.55085 44.17848
  [47,] -71.86900 41.34821
  [48,] -69.52977 44.22567
  [49,] -73.03690 42.39735
  [50,] -70.19969 43.80723
  [51,] -71.73279 41.71556
  [52,] -73.47287 42.03021
  [53,] -72.10805 41.48064
  [54,] -69.97812 43.49247
  [55,] -72.44125 41.35427
  [56,] -69.45542 43.55263
  [57,] -72.12084 42.28488
  [58,] -70.40101 43.18854
  [59,] -68.89376 43.67719
  [60,] -72.60617 41.08503
  [61,] -72.57627 41.58196
  [62,] -73.06489 42.39819
  [63,] -72.87331 41.59446
  [64,] -72.20452 42.08258
  [65,] -69.94615 43.91893
  [66,] -72.08079 41.82702
  [67,] -71.06762 43.24273
  [68,] -68.49917 44.26900
  [69,] -69.88860 44.07525
  [70,] -73.02850 41.91785
  [71,] -73.03993 42.04289
  [72,] -73.56269 42.18880
  [73,] -68.26918 44.12144
  [74,] -68.82667 43.90926
  [75,] -71.48920 41.64483
  [76,] -72.96256 41.65114
  [77,] -71.12023 43.20111
  [78,] -68.63497 44.29661
  [79,] -68.69338 44.59020
  [80,] -69.33698 44.36789
  [81,] -69.32612 43.96916
  [82,] -73.05984 41.72296
  [83,] -72.92560 41.10068
  [84,] -70.44666 42.86149
  [85,] -70.46766 43.48921
  [86,] -71.89003 42.15584
  [87,] -70.75533 43.48023
  [88,] -68.46642 44.43782
  [89,] -72.63040 41.58640
  [90,] -70.84181 43.58444
  [91,] -69.71708 44.05223
  [92,] -72.33100 41.91451
  [93,] -71.98157 42.25810
  [94,] -72.76112 41.66087
  [95,] -72.49123 41.48753
  [96,] -73.00036 41.12249
  [97,] -70.39504 42.84093
  [98,] -73.54415 42.00271
  [99,] -72.63524 41.25151
 [100,] -71.93047 41.25869
 [101,] -69.91481 43.85662
 [102,] -68.72548 44.44914
 [103,] -69.30947 44.39445
 [104,] -72.83434 41.95165
 [105,] -71.38683 41.40478
 [106,] -71.79900 41.28440
 [107,] -71.32201 41.59062
 [108,] -68.69263 44.68239
 [109,] -72.96633 41.12592
 [110,] -72.04837 41.44320
 [111,] -73.32605 42.33949
 [112,] -70.68407 43.11750
 [113,] -70.90360 42.98849
 [114,] -73.28984 41.88074
 [115,] -69.67584 43.58471
 [116,] -73.36880 42.26590
 [117,] -70.11446 43.10656
 [118,] -68.86592 44.31151
 [119,] -72.09691 42.31700
 [120,] -69.15517 44.02981
 [121,] -73.06260 42.37624
 [122,] -72.88605 41.32493
 [123,] -72.23392 42.10348
 [124,] -72.11324 41.80556
 [125,] -68.62508 44.23964
 [126,] -70.22068 43.08148
 [127,] -73.03753 42.09793
 [128,] -68.71167 44.59275
 [129,] -72.38450 41.08691
 [130,] -73.11465 41.99328
 [131,] -70.89026 42.97307
 [132,] -72.28234 41.05583
 [133,] -69.36659 44.23839
 [134,] -71.54714 42.05005
 [135,] -71.94405 41.21408
 [136,] -69.06329 43.84466
 [137,] -70.37295 42.98649
 [138,] -68.64050 44.37870
 [139,] -71.16829 43.35417
 [140,] -69.23361 44.29990
 [141,] -71.49059 41.68874
 [142,] -72.68682 41.19166
 [143,] -72.69720 41.08200
 [144,] -68.93495 43.69844
 [145,] -69.93599 43.56805
 [146,] -72.95271 42.16369
 [147,] -72.65172 42.27051
 [148,] -71.97078 41.53660
 [149,] -69.32266 43.43860
 [150,] -73.82965 41.96859
 [151,] -70.27504 43.37012
 [152,] -69.26650 43.71973
 [153,] -71.48352 41.95508
 [154,] -69.37976 43.89465
 [155,] -72.59271 41.62370
 [156,] -73.38890 41.99249
 [157,] -68.54672 44.48768
 [158,] -70.10176 43.11748
 [159,] -68.96264 44.28466
 [160,] -70.81788 43.11833
 [161,] -70.46545 43.28271
 [162,] -72.42866 42.07116
 [163,] -72.57920 41.95983
 [164,] -72.87271 41.99372
 [165,] -71.84479 41.63769
 [166,] -69.66824 43.85383
 [167,] -68.85854 44.43810
 [168,] -73.14541 42.40342
 [169,] -70.32654 43.18880
 [170,] -71.90432 41.50690
 [171,] -69.01294 44.20307
 [172,] -71.61913 42.19351
 [173,] -72.37251 41.85932
 [174,] -70.93217 43.22393
 [175,] -70.31883 43.36956
 [176,] -69.69092 44.13598
 [177,] -71.40612 41.82981
 [178,] -73.36877 42.01684
 [179,] -69.10615 44.44497
 [180,] -72.14781 41.22809
 [181,] -72.11570 41.25754
 [182,] -68.43133 44.38851
 [183,] -69.98912 43.91956
 [184,] -72.76993 41.99344
 [185,] -72.16778 41.13554
 [186,] -70.56390 42.96381
 [187,] -72.80792 41.24619
 [188,] -68.89681 44.61371
 [189,] -73.53537 42.25862
 [190,] -73.58597 41.74360
 [191,] -72.88079 41.76764
 [192,] -72.01224 41.36351
 [193,] -72.16312 42.07400
 [194,] -69.03990 44.37850
 [195,] -69.43510 43.65655
 [196,] -71.74159 41.33958
 [197,] -69.42514 44.09505
 [198,] -68.18878 44.14560
 [199,] -72.50608 41.58396
 [200,] -71.98634 41.80768
 [201,] -72.84703 41.73261
 [202,] -69.19863 44.09117
 [203,] -71.70566 41.44096
 [204,] -73.33958 41.86505
 [205,] -70.17427 43.97441
 [206,] -71.56471 41.37728
 [207,] -68.95176 44.03962
 [208,] -70.28285 43.07425
 [209,] -69.33607 44.20280
 [210,] -72.93807 41.30713
 [211,] -73.35419 41.85586
 [212,] -72.15708 41.90995
 [213,] -72.62385 41.02097
 [214,] -68.32498 44.37178
 [215,] -68.30103 44.14244
 [216,] -73.03970 42.40267
 [217,] -69.48996 43.48575
 [218,] -72.72415 41.85298
 [219,] -68.74030 44.05446
 [220,] -72.59020 41.12624
 [221,] -73.57205 42.29726
 [222,] -72.21997 42.11077
 [223,] -73.18242 41.99344
 [224,] -70.74878 43.05888
 [225,] -73.59629 41.67011
 [226,] -72.52058 41.65790
 [227,] -70.65440 42.99451
 [228,] -71.75980 41.65807
 [229,] -71.12255 43.18321
 [230,] -68.51939 44.05957
 [231,] -68.46391 44.35713
 [232,] -73.18254 42.19398
 [233,] -72.10655 41.72144
 [234,] -72.99059 41.91721
 [235,] -71.99951 42.10655
 [236,] -68.16302 44.20693
 [237,] -68.47542 44.01873
 [238,] -69.22649 44.38506
 [239,] -70.24853 43.43016
 [240,] -72.15904 42.10426
 [241,] -71.97233 41.69565
 [242,] -71.95868 42.21269
 [243,] -69.29395 44.37449
 [244,] -72.48967 41.44462
 [245,] -73.75273 42.04700
 [246,] -70.72845 43.38590
 [247,] -68.69376 44.30888
 [248,] -70.44743 43.16941
 [249,] -73.69783 41.68174
 [250,] -69.67363 43.38663
 [251,] -70.17812 44.04554
 [252,] -69.05304 44.46243
 [253,] -68.69731 44.37550
 [254,] -70.03946 44.07760
 [255,] -68.98854 44.30373
 [256,] -72.88613 41.43107
 [257,] -68.71819 44.48921
 [258,] -70.04721 43.19501
 [259,] -70.34986 43.89417
 [260,] -73.28556 42.00248
 [261,] -72.32164 42.36700
 [262,] -73.11462 42.33930
 [263,] -72.43481 40.91298
 [264,] -71.80996 41.19042
 [265,] -69.98193 43.88522
 [266,] -73.31433 42.31549
 [267,] -70.90315 43.48761
 [268,] -68.90805 44.06421
 [269,] -71.54740 41.40436
 [270,] -72.12836 41.59248
 [271,] -69.14066 44.57147
 [272,] -72.13531 40.99368
 [273,] -73.14560 41.69903
 [274,] -72.47806 41.14342
 [275,] -70.15633 43.00860
 [276,] -72.34627 42.06782
 [277,] -68.38222 43.94007
 [278,] -68.82742 43.96042
 [279,] -73.53855 42.28698
 [280,] -71.74566 42.15015
 [281,] -68.92085 44.30872
 [282,] -72.54457 42.14900
 [283,] -69.69456 43.94926
 [284,] -73.25261 42.31643
 [285,] -68.90685 43.64484
 [286,] -73.25008 41.85032
 [287,] -72.60059 41.32528
 [288,] -73.25832 42.38842
 [289,] -72.00021 41.34797
 [290,] -72.55838 42.05784
 [291,] -72.48990 41.48517
 [292,] -73.44027 42.06732
 [293,] -72.75247 41.92255
 [294,] -73.18070 41.67898
 [295,] -71.76068 41.89350
 [296,] -71.11355 43.18184
 [297,] -69.28912 43.81445
 [298,] -72.32837 41.88211
 [299,] -70.53311 43.02869
 [300,] -73.00611 42.06558
 [301,] -68.47079 44.13453
 [302,] -68.90948 44.25399
 [303,] -72.11197 41.80208
 [304,] -70.80545 42.95297
 [305,] -70.21975 43.72807
 [306,] -72.31687 42.00048
 [307,] -69.55339 44.09622
 [308,] -70.03342 43.21755
 [309,] -73.41410 42.20633
 [310,] -69.31403 43.56265
 [311,] -69.73261 43.72301
 [312,] -70.79174 43.02972
 [313,] -71.54325 41.61619
 [314,] -68.85253 44.27333
 [315,] -73.74490 42.19019
 [316,] -68.66836 44.42680
 [317,] -71.09983 43.37516
 [318,] -72.92369 41.33982
 [319,] -68.68658 44.69607
 [320,] -72.78629 42.36283
 [321,] -72.20463 41.83740
 [322,] -68.77973 43.97791
 [323,] -68.72773 43.79885
 [324,] -69.93225 43.67063
 [325,] -71.12180 43.40289
 [326,] -72.49949 41.70717
 [327,] -73.81299 41.89096
 [328,] -72.87163 41.81490
 [329,] -68.87461 44.37646
 [330,] -72.33512 42.37814
 [331,] -71.98678 42.28624
 [332,] -71.34205 41.63089
 [333,] -72.77828 41.29374
 [334,] -70.91582 43.12154
 [335,] -73.41537 41.70433
 [336,] -73.41930 41.79849
 [337,] -72.18125 42.39508
 [338,] -70.44137 43.36046
 [339,] -73.05300 42.10479
 [340,] -70.68640 43.36670
 [341,] -68.24336 44.27068
 [342,] -68.79869 44.24044
 [343,] -68.83400 44.00952
 [344,] -70.08460 43.60633
 [345,] -73.09191 42.21818
 [346,] -71.79574 41.94824
 [347,] -69.17242 43.92333
 [348,] -72.44933 41.64644
 [349,] -69.09008 44.36571
 [350,] -70.51367 42.90470
 [351,] -71.98388 42.03826
 [352,] -73.73522 42.03809
 [353,] -72.11663 41.78540
 [354,] -68.34163 44.33138
 [355,] -69.07997 43.69243
 [356,] -73.34032 41.62266
 [357,] -72.87652 42.23721
 [358,] -70.09481 44.02876
 [359,] -69.51619 44.16663
 [360,] -73.03620 41.65629
 [361,] -72.44768 41.41898
 [362,] -69.10669 44.34797
 [363,] -68.56833 43.90589
 [364,] -70.17339 43.40019
 [365,] -68.95632 44.22540
 [366,] -69.11395 43.84843
 [367,] -71.17653 43.35467
 [368,] -73.15537 42.23578
 [369,] -70.08698 43.58905
 [370,] -69.68062 43.45563
 [371,] -71.93590 41.28419
 [372,] -72.53671 42.39696
 [373,] -68.32097 44.14229
 [374,] -69.28661 43.59893
 [375,] -69.14102 44.54348
 [376,] -72.69109 41.67212
 [377,] -72.43609 41.88511
 [378,] -73.37433 42.13059
 [379,] -73.36598 42.35924
 [380,] -72.78812 41.66357
 [381,] -70.31392 43.12838
 [382,] -73.19830 41.65060
 [383,] -70.94051 43.47034
 [384,] -68.85605 43.99857
 [385,] -72.79488 42.14628
 [386,] -72.40812 40.95254
 [387,] -70.20177 43.86590
 [388,] -69.60540 43.76065
 [389,] -72.03809 41.46031
 [390,] -71.71938 41.62580
 [391,] -68.43474 44.44971
 [392,] -71.51247 41.38809
 [393,] -72.39428 41.78761
 [394,] -72.76766 41.68235
 [395,] -70.81586 43.36204
 [396,] -73.08317 41.49869
 [397,] -72.60866 41.95358
 [398,] -72.29607 41.78505
 [399,] -73.22528 42.39634
 [400,] -69.65516 44.19238
 [401,] -69.21626 44.12339
 [402,] -72.22033 42.23244
 [403,] -72.96036 41.11312
 [404,] -69.23994 44.02012
 [405,] -71.83825 41.86268
 [406,] -70.17113 43.62788
 [407,] -70.78136 42.97479
 [408,] -73.18205 42.06424
 [409,] -68.59795 44.60633
 [410,] -73.15064 42.36755
 [411,] -72.42786 40.90503
 [412,] -72.24369 42.42210
 [413,] -68.10642 44.36860
 [414,] -69.48172 43.61297
 [415,] -72.15785 41.51732
 [416,] -71.90913 42.11882
 [417,] -69.12317 44.17713
 [418,] -69.87668 43.35220
 [419,] -71.84172 41.78953
 [420,] -69.76122 43.60962
 [421,] -71.36834 41.70343
 [422,] -69.87501 44.11748
 [423,] -68.39770 44.55968
 [424,] -70.35362 43.20131
 [425,] -68.38907 44.23646
 [426,] -69.55355 43.80446
 [427,] -72.95134 41.06673
 [428,] -72.68177 41.57892
 [429,] -69.16652 43.88901
 [430,] -70.07457 43.40103
 [431,] -72.72969 42.34129
 [432,] -70.52156 43.32129
 [433,] -69.74941 43.58777
 [434,] -69.02948 43.89620
 [435,] -72.26627 41.35783
 [436,] -71.69607 42.10244
 [437,] -70.00648 43.49315
 [438,] -72.96403 41.07502
 [439,] -70.51033 42.81112
 [440,] -73.24872 42.26105
 [441,] -72.86537 41.41177
 [442,] -71.72537 42.03614
 [443,] -68.89691 43.64030
 [444,] -68.25310 44.24524
 [445,] -70.25290 43.89027
 [446,] -70.40682 43.27805
 [447,] -73.40652 41.98117
 [448,] -72.19037 41.84504
 [449,] -68.89091 44.24237
 [450,] -72.94101 41.70408
 [451,] -71.64929 41.36974
 [452,] -68.30681 44.05938
 [453,] -72.54190 42.39707
 [454,] -71.65928 41.20667
 [455,] -69.62647 43.31045
 [456,] -68.61605 43.95211
 [457,] -72.48723 42.07989
 [458,] -69.66745 44.11286
 [459,] -70.04538 43.36158
 [460,] -69.98883 43.85953
 [461,] -72.82114 41.61417
 [462,] -68.45356 44.32014
 [463,] -71.65875 41.49006
 [464,] -73.32382 41.59868
 [465,] -70.65294 43.67083
 [466,] -71.97083 41.23901
 [467,] -69.85032 43.80536
 [468,] -72.59531 41.71462
 [469,] -69.07379 44.00688
 [470,] -71.58464 41.57579
 [471,] -72.93562 41.82376
 [472,] -73.64563 41.87913
 [473,] -70.79711 43.22636
 [474,] -72.38735 41.75763
 [475,] -69.44390 43.74320
 [476,] -72.31046 41.23564
 [477,] -70.11992 43.85462
 [478,] -72.48645 41.88349
 [479,] -70.13105 43.73572
 [480,] -72.38105 42.10557
 [481,] -70.74999 43.66152
 [482,] -70.52485 42.98955
 [483,] -69.54119 44.20125
 [484,] -71.10195 43.01664
 [485,] -69.57932 44.31393
 [486,] -68.81557 44.15483
 [487,] -73.53918 41.93022
 [488,] -71.92610 41.67775
 [489,] -69.11410 43.98881
 [490,] -73.49368 42.20101
 [491,] -72.81816 41.57337
 [492,] -72.26913 41.89983
 [493,] -73.49140 41.84630
 [494,] -70.64045 43.01043
 [495,] -70.80629 43.23643
 [496,] -70.30217 43.16015
 [497,] -69.49763 44.06741
 [498,] -71.64410 42.06590
 [499,] -68.37424 44.20005
 [500,] -73.05637 41.30793
 [501,] -68.50803 44.45448
 [502,] -70.94774 43.45096
 [503,] -73.34203 41.80359
 [504,] -72.71299 41.47479
 [505,] -68.67994 44.61860
 [506,] -71.77077 42.22463
 [507,] -73.42138 41.63511
 [508,] -72.44252 41.42035
 [509,] -72.23413 40.97823
 [510,] -71.57787 41.92293
 [511,] -72.20964 41.72040
 [512,] -73.80355 42.02264
 [513,] -71.98652 41.87954
 [514,] -71.13059 43.34709
 [515,] -69.36637 43.45731
 [516,] -71.98827 41.72175
 [517,] -71.69087 41.92389
 [518,] -72.44689 41.20809
 [519,] -72.29917 42.22273
 [520,] -72.22598 41.13266
 [521,] -70.29725 43.44619
 [522,] -68.87358 44.09820
 [523,] -72.56451 41.29990
 [524,] -68.77972 44.34808
 [525,] -71.70015 41.45235
 [526,] -70.19782 43.97963
 [527,] -68.47071 44.18750
 [528,] -72.64072 41.47001
 [529,] -68.72706 44.23768
 [530,] -69.44913 43.82509
 [531,] -69.12837 44.07796
 [532,] -69.60029 43.72805
 [533,] -72.48253 42.13350
 [534,] -73.13687 42.04165
 [535,] -68.22918 44.17594
 [536,] -68.98274 43.63042
 [537,] -68.27302 44.24152
 [538,] -72.67787 41.25111
 [539,] -72.84843 42.29918
 [540,] -73.39319 42.29653
 [541,] -70.81615 43.64878
 [542,] -70.04708 43.17649
 [543,] -69.71214 43.34608
 [544,] -73.06768 42.18566
 [545,] -72.05659 41.12198
 [546,] -73.02961 41.79085
 [547,] -68.21520 44.43768
 [548,] -69.66632 43.91852
 [549,] -69.89145 43.53708
 [550,] -73.75025 41.93710
 [551,] -69.60769 44.25448
 [552,] -68.24882 44.05976
 [553,] -72.36401 41.14303
 [554,] -73.65516 41.63278
 [555,] -73.00703 41.72667
 [556,] -68.84943 44.65228
 [557,] -69.19290 44.06923
 [558,] -72.93221 41.59768
 [559,] -73.44095 41.79107
 [560,] -73.30197 42.12967
 [561,] -69.49716 43.43610
 [562,] -69.74926 43.75678
 [563,] -71.71016 41.31311
 [564,] -69.69658 43.48559
 [565,] -73.68870 42.02783
 [566,] -73.00944 42.27188
 [567,] -72.23206 41.58363
 [568,] -71.58692 41.50784
 [569,] -69.90306 44.12788
 [570,] -70.76109 43.63655
 [571,] -70.27047 43.46918
 [572,] -70.66541 43.48692
 [573,] -68.21357 44.14857
 [574,] -73.73449 42.16105
 [575,] -72.64380 41.29135
 [576,] -69.38339 43.87119
 [577,] -73.27136 42.08466
 [578,] -70.65468 43.01785
 [579,] -72.21581 41.34308
 [580,] -69.98249 43.97456
 [581,] -72.71391 42.17275
 [582,] -69.10667 44.42102
 [583,] -72.01737 42.29234
 [584,] -69.48925 44.38570
 [585,] -73.78881 42.11135
 [586,] -73.78037 41.78649
 [587,] -72.22297 41.72080
 [588,] -72.55616 41.71722
 [589,] -72.00270 42.02555
 [590,] -68.74803 43.78869
 [591,] -73.10163 41.40691
 [592,] -71.69665 41.83887
 [593,] -71.62930 41.94226
 [594,] -73.32393 41.89394
 [595,] -73.54269 41.80159
 [596,] -72.60240 41.26330
 [597,] -70.74768 43.14623
 [598,] -68.71197 44.11091
 [599,] -73.07569 41.91803
 [600,] -72.50709 41.01991
 [601,] -72.73953 42.30794
 [602,] -73.54823 42.27634
 [603,] -69.26757 43.74745
 [604,] -70.15189 43.78873
 [605,] -69.59310 44.22847
 [606,] -72.85943 41.61237
 [607,] -72.53079 42.34467
 [608,] -68.26393 44.13815
 [609,] -70.63429 43.53055
 [610,] -68.92601 44.10020
 [611,] -69.79580 43.65786
 [612,] -69.52866 43.75852
 [613,] -72.20102 41.76699
 [614,] -73.15045 42.30895
 [615,] -70.65534 42.86600
 [616,] -73.12659 41.43610
 [617,] -68.61903 44.44998
 [618,] -72.60865 41.82723
 [619,] -73.12276 42.30283
 [620,] -71.41490 41.77401
 [621,] -72.30882 41.52046
 [622,] -72.98875 41.53467
 [623,] -68.88240 43.83272
 [624,] -72.97297 42.09865
 [625,] -72.29252 41.70865
 [626,] -69.16293 44.43877
 [627,] -69.86938 43.77887
 [628,] -73.08598 41.88403
 [629,] -68.93378 44.57236
 [630,] -70.65977 43.23927
 [631,] -72.64340 41.64325
 [632,] -72.51368 41.92560
 [633,] -72.51347 42.29240
 [634,] -68.34631 43.98846
 [635,] -68.38189 44.20294
 [636,] -70.27806 43.08191
 [637,] -71.70141 41.31145
 [638,] -72.83269 41.29001
 [639,] -70.56572 43.06645
 [640,] -68.22964 44.51192
 [641,] -69.79007 43.76355
 [642,] -68.82011 44.72902
 [643,] -71.36753 41.45163
 [644,] -72.88915 41.71001
 [645,] -70.88706 42.95524
 [646,] -70.90997 42.96799
 [647,] -69.61079 43.96178
 [648,] -68.65780 44.10151
 [649,] -69.16226 44.17354
 [650,] -69.61828 43.58028
 [651,] -73.19233 41.52979
 [652,] -73.19850 42.17596
 [653,] -71.75200 42.05327
 [654,] -72.41363 41.13581
 [655,] -71.14236 43.42679
 [656,] -73.29213 42.12786
 [657,] -68.90261 44.01756
 [658,] -69.05872 44.19021
 [659,] -72.37663 42.18467
 [660,] -73.83028 42.13726
 [661,] -73.01050 41.86417
 [662,] -71.88751 42.31370
 [663,] -72.33614 41.12598
 [664,] -69.02847 44.59589
 [665,] -72.30873 41.47923
 [666,] -71.84891 41.90916
 [667,] -73.48023 41.61013
 [668,] -71.97036 42.08983
 [669,] -68.64178 44.29491
 [670,] -69.49395 44.10466
 [671,] -70.66743 43.34527
 [672,] -71.56053 41.80967
 [673,] -69.73130 43.37373
 [674,] -72.52950 41.00151
 [675,] -72.77749 41.23719
 [676,] -72.15847 41.00435
 [677,] -69.82795 43.71936
 [678,] -72.15337 42.39587
 [679,] -72.39807 41.82113
 [680,] -69.43658 43.58443
 [681,] -73.03422 41.56165
 [682,] -72.44991 40.96184
 [683,] -71.73671 41.92378
 [684,] -69.72602 43.83427
 [685,] -73.34852 41.70497
 [686,] -72.69010 41.62642
 [687,] -71.94071 41.26174
 [688,] -71.32606 41.65152
 [689,] -70.54360 42.90342
 [690,] -70.03563 44.02336
 [691,] -72.96705 42.05428
 [692,] -73.59959 42.19687
 [693,] -72.16736 41.25069
 [694,] -70.20026 43.35122
 [695,] -72.39242 42.26057
 [696,] -73.02382 41.60288
 [697,] -71.40371 41.64925
 [698,] -72.10490 41.70912
 [699,] -69.77692 43.55142
 [700,] -69.58805 43.39959
 [701,] -68.47603 44.10733
 [702,] -69.07859 43.98067
 [703,] -72.90738 42.13005
 [704,] -73.70194 42.16517
 [705,] -69.70827 43.93196
 [706,] -69.19943 44.20666
 [707,] -73.48802 42.40136
 [708,] -73.00322 42.30443
 [709,] -72.70235 42.23352
 [710,] -72.87019 42.08390
 [711,] -72.34372 42.32570
 [712,] -70.89192 43.23821
 [713,] -72.65857 41.11962
 [714,] -71.78130 42.16790
 [715,] -72.19976 40.95866
 [716,] -69.17307 44.45597
 [717,] -70.60429 43.57077
 [718,] -68.23155 44.27094
 [719,] -71.10946 43.45546
 [720,] -72.37579 42.15379
 [721,] -70.91934 43.09397
 [722,] -71.45592 41.32949
 [723,] -72.04596 41.71187
 [724,] -71.67312 41.28576
 [725,] -69.63690 43.97089
 [726,] -71.82523 41.20443
 [727,] -72.28351 42.24049
 [728,] -69.82843 43.43135
 [729,] -70.56516 43.61497
 [730,] -69.84998 43.55162
 [731,] -71.91760 41.84482
 [732,] -72.44373 41.13457
 [733,] -69.84530 43.47942
 [734,] -70.38461 43.14460
 [735,] -71.85487 41.41784
 [736,] -71.61796 41.95171
 [737,] -72.33540 41.56850
 [738,] -71.78396 42.11490
 [739,] -69.50973 44.23124
 [740,] -72.03136 41.49192
 [741,] -72.55703 41.15625
 [742,] -72.38554 41.85938
 [743,] -71.71243 42.08797
 [744,] -72.62414 41.01578
 [745,] -72.65852 41.41921
 [746,] -68.81126 43.76732
 [747,] -68.94235 44.63500
 [748,] -71.62268 42.07191
 [749,] -68.38551 44.07990
 [750,] -69.51310 43.37721
 [751,] -71.86774 41.31541
 [752,] -72.95102 41.21114
 [753,] -68.42811 44.25419
 [754,] -71.69419 41.76047
 [755,] -70.13535 43.25030
 [756,] -73.42335 42.20088
 [757,] -69.08158 44.42796
 [758,] -70.12423 43.63389
 [759,] -71.39205 41.76575
 [760,] -71.64493 41.62676
 [761,] -72.64919 41.63317
 [762,] -68.66008 43.84101
 [763,] -68.88836 44.61167
 [764,] -72.96966 41.06380
 [765,] -68.58205 44.17398
 [766,] -73.04295 41.43171
 [767,] -70.16198 43.69133
 [768,] -71.84949 41.20669
 [769,] -70.21845 43.46149
 [770,] -73.63175 41.61249
 [771,] -72.86234 41.87666
 [772,] -68.55998 44.50076
 [773,] -69.17711 44.00222
 [774,] -68.15227 44.41745
 [775,] -71.53816 41.77709
 [776,] -68.53545 44.40974
 [777,] -71.62854 42.08740
 [778,] -73.00747 41.78102
 [779,] -68.87097 44.70564
 [780,] -71.33427 41.67541
 [781,] -72.80099 41.45676
 [782,] -73.79298 42.07570
 [783,] -73.18641 41.95335
 [784,] -68.90605 43.75051
 [785,] -72.49841 41.31126
 [786,] -72.37752 42.00032
 [787,] -71.66011 41.23831
 [788,] -69.93741 43.34430
 [789,] -68.77060 44.21467
 [790,] -72.08000 41.31568
 [791,] -68.82683 44.71931
 [792,] -73.37830 42.06645
 [793,] -69.02116 43.89279
 [794,] -72.78107 41.52318
 [795,] -69.09616 43.88657
 [796,] -71.99830 41.40317
 [797,] -73.58837 42.05769
 [798,] -68.98721 44.04106
 [799,] -73.24692 42.39756
 [800,] -69.31849 44.01130
 [801,] -69.44013 43.72343
 [802,] -71.69974 41.49165
 [803,] -72.10733 41.83330
 [804,] -69.63587 44.05802
 [805,] -71.57176 41.29661
 [806,] -69.37449 43.50622
 [807,] -70.51890 42.88973
 [808,] -70.30373 43.78169
 [809,] -70.65284 43.39656
 [810,] -70.65861 43.35817
 [811,] -71.52815 41.57799
 [812,] -72.97438 41.76567
 [813,] -72.55781 41.28641
 [814,] -69.42278 43.83685
 [815,] -70.56699 43.16031
 [816,] -68.70273 44.33315
 [817,] -72.02702 41.36631
 [818,] -72.51399 42.31368
 [819,] -72.08518 41.09021
 [820,] -71.79757 41.89908
 [821,] -69.62967 43.75305
 [822,] -68.92142 44.64528
 [823,] -72.99591 42.25486
 [824,] -68.29587 44.21799
 [825,] -72.26060 42.45355
 [826,] -70.99591 43.33500
 [827,] -69.34161 44.09637
 [828,] -68.63985 44.46865
 [829,] -69.06728 43.65700
 [830,] -73.32059 41.91260
 [831,] -69.36479 44.27888
 [832,] -69.55266 43.76114
 [833,] -72.29318 41.65959
 [834,] -72.82654 41.78204
 [835,] -71.60872 41.27697
 [836,] -69.43851 44.01793
 [837,] -69.76301 43.83213
 [838,] -70.51961 42.93929
 [839,] -70.02760 43.78324
 [840,] -71.41183 41.42682
 [841,] -68.48209 44.17897
 [842,] -73.88200 41.94801
 [843,] -70.47368 43.03561
 [844,] -70.40001 43.34748
 [845,] -71.92837 42.20037
 [846,] -73.53230 42.31992
 [847,] -73.38073 42.32935
 [848,] -68.77367 44.22619
 [849,] -71.86806 41.85372
 [850,] -68.66560 44.60579
 [851,] -72.78701 42.30906
 [852,] -73.06513 41.88113
 [853,] -72.62447 42.20929
 [854,] -73.08401 41.26057
 [855,] -68.98031 43.94665
 [856,] -72.31406 41.71194
 [857,] -68.41450 44.11506
 [858,] -72.00080 42.35541
 [859,] -68.82076 43.88661
 [860,] -69.76102 43.51401
 [861,] -69.98521 43.51509
 [862,] -72.14165 41.65645
 [863,] -71.13517 43.14324
 [864,] -69.09781 43.87670
 [865,] -70.10233 43.83952
 [866,] -72.87242 41.29726
 [867,] -69.85849 43.49459
 [868,] -72.97714 41.69705
 [869,] -72.52904 41.31287
 [870,] -72.81650 41.37425
 [871,] -73.30744 42.25771
 [872,] -68.24889 44.55873
 [873,] -71.52719 41.36099
 [874,] -72.11646 41.52173
 [875,] -70.63142 43.02635
 [876,] -69.62514 43.34589
 [877,] -69.44196 44.08566
 [878,] -72.17331 41.45017
 [879,] -72.18503 41.36144
 [880,] -70.47705 43.46962
 [881,] -70.51460 43.58195
 [882,] -72.05535 41.71203
 [883,] -72.33399 41.68789
 [884,] -69.52371 44.06984
 [885,] -71.54048 41.59052
 [886,] -72.14373 41.27730
 [887,] -69.63200 43.94208
 [888,] -68.88241 44.22341
 [889,] -70.68535 43.39284
 [890,] -71.03084 43.49199
 [891,] -70.01738 43.65276
 [892,] -71.51708 41.48225
 [893,] -68.96120 43.97001
 [894,] -68.61592 44.14828
 [895,] -73.05093 42.35694
 [896,] -72.89889 42.40927
 [897,] -70.55223 43.02614
 [898,] -68.90329 44.18945
 [899,] -70.17177 43.57053
 [900,] -73.35129 41.84721
 [901,] -69.69076 43.52019
 [902,] -70.71146 42.92229
 [903,] -73.23388 42.04346
 [904,] -70.17353 43.40717
 [905,] -70.05837 43.50362
 [906,] -72.66189 42.04500
 [907,] -69.70905 43.53811
 [908,] -69.80747 43.56300
 [909,] -72.13436 41.67283
 [910,] -70.55255 43.32908
 [911,] -73.45936 42.10871
 [912,] -68.64910 43.98147
 [913,] -69.80826 43.68811
 [914,] -71.85965 41.90544
 [915,] -72.11193 42.25853
 [916,] -69.94354 44.16727
 [917,] -73.63026 41.72527
 [918,] -71.68535 42.02405
 [919,] -72.53820 41.61084
 [920,] -70.25656 42.99567
 [921,] -69.80414 43.89631
 [922,] -72.25425 42.41002
 [923,] -69.80008 43.89301
 [924,] -68.61515 44.64804
 [925,] -73.23192 42.29457
 [926,] -72.34154 41.14752
 [927,] -72.07087 41.61003
 [928,] -73.33025 41.94915
 [929,] -70.67909 43.35079
 [930,] -72.82119 42.33186
 [931,] -72.28656 41.77711
 [932,] -73.77308 41.80983
 [933,] -71.46257 41.83561
 [934,] -68.64190 44.10769
 [935,] -71.70592 42.23964
 [936,] -68.38185 44.30425
 [937,] -69.40145 43.97379
 [938,] -70.44377 43.26133
 [939,] -69.97569 43.78847
 [940,] -72.87703 41.14640
 [941,] -73.41397 41.88705
 [942,] -69.34453 44.28263
 [943,] -71.47641 41.87655
 [944,] -72.96248 41.12433
 [945,] -72.75078 41.87706
 [946,] -69.00700 44.27368
 [947,] -70.72118 43.57575
 [948,] -68.72024 43.93253
 [949,] -71.93134 42.01365
 [950,] -71.94304 41.77206
 [951,] -72.32230 41.91879
 [952,] -70.62504 42.94001
 [953,] -68.72535 43.73690
 [954,] -71.46140 41.59690
 [955,] -70.88835 43.52370
 [956,] -71.79486 41.45855
 [957,] -69.33864 43.79608
 [958,] -71.85477 41.46784
 [959,] -71.33195 41.63025
 [960,] -73.65682 42.19205
 [961,] -73.25181 41.60722
 [962,] -72.95594 41.96706
 [963,] -70.26199 42.99025
 [964,] -69.53238 44.03287
 [965,] -72.73265 42.22428
 [966,] -72.22910 41.16057
 [967,] -70.76324 43.14914
 [968,] -72.37634 41.64057
 [969,] -72.83069 42.06414
 [970,] -72.32613 42.40070
 [971,] -68.65079 44.49758
 [972,] -72.31834 41.51743
 [973,] -72.73161 42.11702
 [974,] -70.24711 43.07081
 [975,] -72.04488 41.97333
 [976,] -71.80565 41.97767
 [977,] -73.37170 42.14936
 [978,] -69.37388 43.61871
 [979,] -68.94804 44.02212
 [980,] -70.36252 42.99067
 [981,] -70.63654 42.89127
 [982,] -68.89800 44.17174
 [983,] -72.20755 42.27222
 [984,] -69.08540 44.23839
 [985,] -69.01264 44.29557
 [986,] -72.73962 41.01745
 [987,] -72.34434 41.73895
 [988,] -72.25435 41.06952
 [989,] -73.05952 42.26731
 [990,] -69.03146 44.30005
 [991,] -69.73627 43.37011
 [992,] -72.71011 41.60412
 [993,] -72.48764 40.99677
 [994,] -71.12097 43.39610
 [995,] -73.09099 41.69199
 [996,] -71.40469 41.37532
 [997,] -72.46234 41.80853
 [998,] -72.29308 41.50589
 [999,] -70.34206 42.91057
[1000,] -69.59921 43.78233
Coordinate Reference System (CRS) arguments: +proj=longlat +datum=WGS84
+ellps=WGS84 +towgs84=0,0,0 
