

----------------------------------------------------
STRUCTURE by Pritchard, Stephens and Donnelly (2000)
     and Falush, Stephens and Pritchard (2003)
       Code by Pritchard, Falush and Hubisz
             Version 2.3.4 (Jul 2012)
----------------------------------------------------



Command line arguments:   bin/structure -m "/Users/annacalderon/Desktop/gENM/src/Practice/Other New Parameter/mainparams" -e "/Users/annacalderon/Desktop/gENM/src/Practice/Other New Parameter/extraparams" 
Input File:    /Users/annacalderon/Desktop/gENM/src/Practice/project_data

Run parameters:
   200 individuals
   5 loci
   4 populations assumed
   5000 Burn-in period
   5000 Reps


--------------------------------------------
Proportion of membership of each pre-defined
 population in each of the 4 clusters

Given    Inferred Clusters              Number of
 Pop       1      2      3      4      Individuals

  1:     0.028  0.485  0.461  0.025      100
  2:     0.432  0.034  0.024  0.510      100
--------------------------------------------

Allele-freq. divergence among pops (Net nucleotide distance),
computed using point estimates of P.

      1       2       3       4      
 1      -    0.0772  0.0724  0.0230  
 2   0.0772     -    0.0166  0.0719  
 3   0.0724  0.0166     -    0.0765  
 4   0.0230  0.0719  0.0765     -    

Average distances (expected heterozygosity) between individuals in same cluster:
cluster  1  : 0.8270 
cluster  2  : 0.8186 
cluster  3  : 0.8081 
cluster  4  : 0.8304 

--------------------------------------------
Estimated Ln Prob of Data   = -3957.8
Mean value of ln likelihood = -3810.3
Variance of ln likelihood   = 295.0
Mean value of alpha         = 0.0412

Mean value of Fst_1         = 0.0691
Mean value of Fst_2         = 0.1128
Mean value of Fst_3         = 0.1135
Mean value of Fst_4         = 0.0863


Inferred ancestry of individuals:
        Label (%Miss) Pop:  Inferred clusters
  1        1    (0)    1 :  0.025 0.416 0.543 0.016 
  2        2    (0)    1 :  0.012 0.633 0.343 0.012 
  3        3    (0)    1 :  0.009 0.417 0.559 0.014 
  4        4    (0)    1 :  0.005 0.934 0.054 0.007 
  5        5    (0)    1 :  0.042 0.130 0.788 0.040 
  6        6    (0)    1 :  0.009 0.850 0.132 0.010 
  7        7    (0)    1 :  0.010 0.818 0.160 0.012 
  8        8    (0)    1 :  0.014 0.522 0.443 0.022 
  9        9    (0)    1 :  0.022 0.561 0.374 0.043 
 10       10    (0)    1 :  0.008 0.393 0.587 0.011 
 11       11    (0)    1 :  0.035 0.716 0.228 0.021 
 12       12    (0)    1 :  0.017 0.871 0.097 0.015 
 13       13    (0)    1 :  0.012 0.330 0.650 0.007 
 14       14    (0)    1 :  0.008 0.423 0.563 0.006 
 15       15    (0)    1 :  0.011 0.419 0.555 0.015 
 16       16    (0)    1 :  0.009 0.377 0.608 0.006 
 17       17    (0)    1 :  0.011 0.925 0.051 0.013 
 18       18    (0)    1 :  0.016 0.138 0.834 0.011 
 19       19    (0)    1 :  0.013 0.621 0.358 0.008 
 20       20    (0)    1 :  0.035 0.359 0.569 0.038 
 21       21    (0)    1 :  0.008 0.646 0.340 0.006 
 22       22    (0)    1 :  0.028 0.811 0.120 0.042 
 23       23    (0)    1 :  0.010 0.349 0.633 0.008 
 24       24    (0)    1 :  0.011 0.405 0.569 0.015 
 25       25    (0)    1 :  0.037 0.815 0.125 0.023 
 26       26    (0)    1 :  0.005 0.435 0.551 0.009 
 27       27    (0)    1 :  0.008 0.360 0.625 0.007 
 28       28    (0)    1 :  0.037 0.133 0.817 0.014 
 29       29    (0)    1 :  0.063 0.676 0.211 0.050 
 30       30    (0)    1 :  0.009 0.213 0.772 0.006 
 31       31    (0)    1 :  0.010 0.235 0.744 0.010 
 32       32    (0)    1 :  0.025 0.188 0.776 0.011 
 33       33    (0)    1 :  0.014 0.825 0.152 0.008 
 34       34    (0)    1 :  0.010 0.540 0.422 0.028 
 35       35    (0)    1 :  0.006 0.761 0.226 0.008 
 36       36    (0)    1 :  0.165 0.298 0.444 0.092 
 37       37    (0)    1 :  0.015 0.191 0.785 0.009 
 38       38    (0)    1 :  0.008 0.941 0.045 0.007 
 39       39    (0)    1 :  0.138 0.425 0.421 0.015 
 40       40    (0)    1 :  0.040 0.145 0.785 0.030 
 41       41    (0)    1 :  0.006 0.247 0.740 0.007 
 42       42    (0)    1 :  0.027 0.444 0.500 0.029 
 43       43    (0)    1 :  0.043 0.431 0.468 0.057 
 44       44    (0)    1 :  0.011 0.596 0.382 0.011 
 45       45    (0)    1 :  0.009 0.743 0.216 0.032 
 46       46    (0)    1 :  0.005 0.450 0.537 0.007 
 47       47    (0)    1 :  0.033 0.144 0.793 0.030 
 48       48    (0)    1 :  0.028 0.399 0.553 0.019 
 49       49    (0)    1 :  0.015 0.685 0.287 0.013 
 50       50    (0)    1 :  0.028 0.743 0.193 0.036 
 51       51    (0)    1 :  0.007 0.561 0.424 0.007 
 52       52    (0)    1 :  0.008 0.491 0.491 0.010 
 53       53    (0)    1 :  0.032 0.588 0.341 0.039 
 54       54    (0)    1 :  0.010 0.959 0.014 0.017 
 55       55    (0)    1 :  0.021 0.017 0.953 0.010 
 56       56    (0)    1 :  0.007 0.730 0.255 0.007 
 57       57    (0)    1 :  0.008 0.901 0.083 0.008 
 58       58    (0)    1 :  0.053 0.187 0.694 0.066 
 59       59    (0)    1 :  0.016 0.956 0.019 0.008 
 60       60    (0)    1 :  0.096 0.063 0.764 0.077 
 61       61    (0)    1 :  0.032 0.359 0.442 0.167 
 62       62    (0)    1 :  0.038 0.732 0.188 0.041 
 63       63    (0)    1 :  0.007 0.093 0.891 0.009 
 64       64    (0)    1 :  0.067 0.133 0.686 0.114 
 65       65    (0)    1 :  0.012 0.063 0.912 0.012 
 66       66    (0)    1 :  0.069 0.619 0.280 0.032 
 67       67    (0)    1 :  0.021 0.214 0.744 0.021 
 68       68    (0)    1 :  0.005 0.489 0.500 0.006 
 69       69    (0)    1 :  0.081 0.811 0.066 0.042 
 70       70    (0)    1 :  0.011 0.845 0.126 0.018 
 71       71    (0)    1 :  0.149 0.059 0.707 0.085 
 72       72    (0)    1 :  0.012 0.087 0.896 0.005 
 73       73    (0)    1 :  0.012 0.817 0.159 0.012 
 74       74    (0)    1 :  0.040 0.212 0.641 0.107 
 75       75    (0)    1 :  0.010 0.867 0.110 0.013 
 76       76    (0)    1 :  0.011 0.796 0.178 0.014 
 77       77    (0)    1 :  0.009 0.182 0.799 0.009 
 78       78    (0)    1 :  0.009 0.786 0.195 0.010 
 79       79    (0)    1 :  0.009 0.026 0.960 0.006 
 80       80    (0)    1 :  0.090 0.667 0.158 0.085 
 81       81    (0)    1 :  0.019 0.717 0.253 0.012 
 82       82    (0)    1 :  0.022 0.109 0.842 0.027 
 83       83    (0)    1 :  0.008 0.765 0.221 0.006 
 84       84    (0)    1 :  0.141 0.336 0.339 0.184 
 85       85    (0)    1 :  0.008 0.713 0.271 0.008 
 86       86    (0)    1 :  0.006 0.042 0.947 0.006 
 87       87    (0)    1 :  0.011 0.881 0.099 0.010 
 88       88    (0)    1 :  0.075 0.450 0.397 0.079 
 89       89    (0)    1 :  0.015 0.150 0.824 0.011 
 90       90    (0)    1 :  0.008 0.669 0.316 0.006 
 91       91    (0)    1 :  0.029 0.128 0.822 0.021 
 92       92    (0)    1 :  0.129 0.404 0.427 0.040 
 93       93    (0)    1 :  0.031 0.777 0.167 0.024 
 94       94    (0)    1 :  0.008 0.235 0.750 0.007 
 95       95    (0)    1 :  0.087 0.258 0.629 0.026 
 96       96    (0)    1 :  0.016 0.075 0.898 0.011 
 97       97    (0)    1 :  0.008 0.588 0.393 0.011 
 98       98    (0)    1 :  0.015 0.136 0.836 0.012 
 99       99    (0)    1 :  0.010 0.814 0.170 0.006 
100      100    (0)    1 :  0.008 0.847 0.136 0.009 
101      101    (0)    2 :  0.134 0.011 0.010 0.845 
102      102    (0)    2 :  0.044 0.742 0.030 0.184 
103      103    (0)    2 :  0.095 0.017 0.013 0.875 
104      104    (0)    2 :  0.175 0.039 0.025 0.761 
105      105    (0)    2 :  0.171 0.065 0.050 0.714 
106      106    (0)    2 :  0.470 0.008 0.011 0.510 
107      107    (0)    2 :  0.756 0.061 0.038 0.145 
108      108    (0)    2 :  0.369 0.018 0.018 0.595 
109      109    (0)    2 :  0.052 0.020 0.015 0.912 
110      110    (0)    2 :  0.911 0.014 0.012 0.063 
111      111    (0)    2 :  0.930 0.012 0.009 0.049 
112      112    (0)    2 :  0.705 0.077 0.154 0.065 
113      113    (0)    2 :  0.218 0.073 0.052 0.657 
114      114    (0)    2 :  0.840 0.037 0.015 0.109 
115      115    (0)    2 :  0.600 0.020 0.014 0.366 
116      116    (0)    2 :  0.325 0.063 0.016 0.597 
117      117    (0)    2 :  0.115 0.010 0.008 0.867 
118      118    (0)    2 :  0.064 0.008 0.007 0.921 
119      119    (0)    2 :  0.315 0.043 0.028 0.613 
120      120    (0)    2 :  0.548 0.012 0.014 0.426 
121      121    (0)    2 :  0.954 0.008 0.011 0.026 
122      122    (0)    2 :  0.354 0.007 0.008 0.631 
123      123    (0)    2 :  0.937 0.011 0.012 0.040 
124      124    (0)    2 :  0.183 0.025 0.017 0.774 
125      125    (0)    2 :  0.164 0.009 0.006 0.821 
126      126    (0)    2 :  0.655 0.007 0.012 0.326 
127      127    (0)    2 :  0.916 0.007 0.007 0.070 
128      128    (0)    2 :  0.718 0.014 0.023 0.245 
129      129    (0)    2 :  0.956 0.007 0.006 0.031 
130      130    (0)    2 :  0.101 0.016 0.023 0.859 
131      131    (0)    2 :  0.009 0.013 0.010 0.967 
132      132    (0)    2 :  0.392 0.015 0.015 0.578 
133      133    (0)    2 :  0.067 0.045 0.031 0.858 
134      134    (0)    2 :  0.322 0.126 0.064 0.489 
135      135    (0)    2 :  0.413 0.015 0.016 0.557 
136      136    (0)    2 :  0.528 0.007 0.008 0.457 
137      137    (0)    2 :  0.482 0.041 0.088 0.389 
138      138    (0)    2 :  0.059 0.008 0.009 0.924 
139      139    (0)    2 :  0.688 0.011 0.013 0.289 
140      140    (0)    2 :  0.354 0.005 0.006 0.635 
141      141    (0)    2 :  0.934 0.013 0.013 0.040 
142      142    (0)    2 :  0.294 0.033 0.010 0.664 
143      143    (0)    2 :  0.955 0.006 0.006 0.034 
144      144    (0)    2 :  0.532 0.020 0.021 0.427 
145      145    (0)    2 :  0.846 0.010 0.015 0.128 
146      146    (0)    2 :  0.467 0.006 0.008 0.519 
147      147    (0)    2 :  0.908 0.012 0.032 0.049 
148      148    (0)    2 :  0.132 0.010 0.007 0.851 
149      149    (0)    2 :  0.125 0.009 0.010 0.856 
150      150    (0)    2 :  0.232 0.024 0.032 0.711 
151      151    (0)    2 :  0.423 0.011 0.007 0.560 
152      152    (0)    2 :  0.209 0.129 0.291 0.371 
153      153    (0)    2 :  0.830 0.007 0.008 0.154 
154      154    (0)    2 :  0.171 0.009 0.008 0.812 
155      155    (0)    2 :  0.035 0.280 0.043 0.642 
156      156    (0)    2 :  0.057 0.016 0.011 0.916 
157      157    (0)    2 :  0.159 0.016 0.013 0.812 
158      158    (0)    2 :  0.613 0.022 0.050 0.315 
159      159    (0)    2 :  0.344 0.014 0.016 0.626 
160      160    (0)    2 :  0.425 0.007 0.010 0.558 
161      161    (0)    2 :  0.112 0.024 0.047 0.816 
162      162    (0)    2 :  0.361 0.012 0.058 0.569 
163      163    (0)    2 :  0.132 0.010 0.020 0.837 
164      164    (0)    2 :  0.619 0.026 0.017 0.338 
165      165    (0)    2 :  0.021 0.008 0.007 0.963 
166      166    (0)    2 :  0.282 0.021 0.017 0.680 
167      167    (0)    2 :  0.271 0.017 0.017 0.695 
168      168    (0)    2 :  0.946 0.010 0.007 0.036 
169      169    (0)    2 :  0.624 0.008 0.004 0.363 
170      170    (0)    2 :  0.743 0.025 0.053 0.178 
171      171    (0)    2 :  0.186 0.005 0.009 0.801 
172      172    (0)    2 :  0.064 0.010 0.010 0.916 
173      173    (0)    2 :  0.048 0.007 0.005 0.939 
174      174    (0)    2 :  0.713 0.164 0.053 0.070 
175      175    (0)    2 :  0.166 0.040 0.022 0.772 
176      176    (0)    2 :  0.940 0.008 0.011 0.041 
177      177    (0)    2 :  0.239 0.018 0.009 0.734 
178      178    (0)    2 :  0.889 0.011 0.025 0.075 
179      179    (0)    2 :  0.249 0.006 0.007 0.738 
180      180    (0)    2 :  0.842 0.012 0.010 0.136 
181      181    (0)    2 :  0.304 0.030 0.022 0.644 
182      182    (0)    2 :  0.767 0.018 0.025 0.190 
183      183    (0)    2 :  0.278 0.019 0.012 0.690 
184      184    (0)    2 :  0.877 0.008 0.009 0.106 
185      185    (0)    2 :  0.741 0.013 0.011 0.235 
186      186    (0)    2 :  0.031 0.022 0.020 0.926 
187      187    (0)    2 :  0.583 0.008 0.014 0.396 
188      188    (0)    2 :  0.132 0.009 0.010 0.848 
189      189    (0)    2 :  0.467 0.056 0.043 0.434 
190      190    (0)    2 :  0.177 0.007 0.007 0.809 
191      191    (0)    2 :  0.144 0.033 0.042 0.781 
192      192    (0)    2 :  0.806 0.050 0.042 0.101 
193      193    (0)    2 :  0.068 0.028 0.010 0.894 
194      194    (0)    2 :  0.766 0.025 0.041 0.168 
195      195    (0)    2 :  0.789 0.008 0.013 0.191 
196      196    (0)    2 :  0.327 0.012 0.014 0.647 
197      197    (0)    2 :  0.143 0.041 0.040 0.775 
198      198    (0)    2 :  0.116 0.105 0.042 0.738 
199      199    (0)    2 :  0.690 0.013 0.015 0.283 
200      200    (0)    2 :  0.773 0.007 0.012 0.208 


Estimated Allele Frequencies in each cluster
First column gives estimated ancestral frequencies


Locus 1 : 
9 alleles
0.0% missing data
   0   (0.109) 0.084 0.118 0.260 0.024 
   1   (0.244) 0.364 0.187 0.235 0.145 
  -1   (0.166) 0.069 0.391 0.314 0.086 
   3   (0.056) 0.036 0.051 0.030 0.007 
  -2   (0.095) 0.117 0.014 0.021 0.243 
   2   (0.132) 0.084 0.186 0.099 0.098 
  -3   (0.123) 0.143 0.046 0.036 0.254 
  -4   (0.056) 0.074 0.004 0.005 0.140 
  -5   (0.019) 0.030 0.001 0.001 0.002 

Locus 2 : 
12 alleles
0.0% missing data
   1   (0.121) 0.127 0.043 0.081 0.205 
  -1   (0.084) 0.043 0.057 0.193 0.029 
   2   (0.282) 0.312 0.272 0.345 0.345 
   5   (0.087) 0.063 0.081 0.096 0.032 
  -2   (0.029) 0.007 0.054 0.006 0.008 
   3   (0.134) 0.063 0.260 0.167 0.155 
   6   (0.036) 0.006 0.103 0.036 0.004 
   0   (0.050) 0.063 0.044 0.016 0.007 
   7   (0.022) 0.003 0.013 0.035 0.002 
   4   (0.027) 0.005 0.056 0.010 0.003 
  -3   (0.063) 0.099 0.012 0.008 0.117 
  -4   (0.063) 0.211 0.005 0.006 0.091 

Locus 3 : 
11 alleles
0.0% missing data
   3   (0.189) 0.241 0.175 0.231 0.115 
  -1   (0.076) 0.016 0.219 0.145 0.031 
   2   (0.112) 0.033 0.219 0.196 0.095 
   0   (0.171) 0.097 0.235 0.234 0.210 
   4   (0.121) 0.122 0.067 0.043 0.219 
   1   (0.177) 0.375 0.047 0.099 0.241 
   5   (0.053) 0.031 0.026 0.012 0.058 
  -3   (0.022) 0.004 0.004 0.008 0.003 
  -2   (0.023) 0.003 0.003 0.028 0.003 
   7   (0.034) 0.063 0.003 0.003 0.018 
   6   (0.021) 0.016 0.002 0.002 0.006 

Locus 4 : 
14 alleles
0.0% missing data
   8   (0.069) 0.021 0.151 0.183 0.013 
   7   (0.106) 0.075 0.173 0.104 0.054 
   6   (0.120) 0.178 0.085 0.049 0.113 
   9   (0.060) 0.024 0.120 0.038 0.021 
   2   (0.025) 0.004 0.052 0.040 0.003 
  10   (0.048) 0.009 0.163 0.277 0.005 
   5   (0.173) 0.157 0.111 0.119 0.251 
  14   (0.120) 0.084 0.075 0.072 0.159 
   4   (0.053) 0.023 0.047 0.054 0.006 
  13   (0.026) 0.005 0.005 0.044 0.003 
   3   (0.048) 0.087 0.004 0.004 0.051 
  15   (0.058) 0.164 0.005 0.007 0.124 
  17   (0.058) 0.100 0.005 0.005 0.167 
  16   (0.037) 0.069 0.003 0.003 0.029 

Locus 5 : 
15 alleles
0.0% missing data
   9   (0.036) 0.006 0.086 0.074 0.004 
  -3   (0.132) 0.193 0.191 0.040 0.164 
   7   (0.137) 0.080 0.307 0.311 0.076 
   8   (0.050) 0.008 0.167 0.252 0.005 
   6   (0.076) 0.034 0.098 0.042 0.095 
   3   (0.041) 0.013 0.036 0.006 0.015 
   5   (0.113) 0.157 0.046 0.121 0.062 
  -2   (0.145) 0.222 0.031 0.058 0.228 
  -1   (0.077) 0.078 0.018 0.070 0.082 
   4   (0.065) 0.112 0.007 0.011 0.100 
  -4   (0.048) 0.063 0.004 0.008 0.100 
  -5   (0.013) 0.008 0.002 0.003 0.002 
   1   (0.024) 0.004 0.003 0.002 0.051 
   2   (0.023) 0.017 0.002 0.002 0.006 
   0   (0.021) 0.004 0.002 0.002 0.010 

Values of parameters used in structure:
DATAFILE=/Users/annacalderon/Desktop/gENM/src/Practice/project_data,	OUTFILE=/Users/annacalderon/Desktop/gENM/src/Practice/Other New Parameter/Results/Other New Parameter_run_2,	NUMINDS=200,	NUMLOCI=5,	MISSING=-999,	LABEL=1,	POPDATA=1,	POPFLAG=1,	PHENOTYPE=0,	EXTRACOLS=0,	MAXPOPS=4,	BURNIN=5000,	NUMREPS=5000,	USEPOPINFO=0,	INFERALPHA=1,	INFERLAMBDA=0,	POPSPECIFICLAMBDA=0,	POPALPHAS=0,	COMPUTEPROB=1,	NOADMIX=0,	ADMBURNIN=2500,	UPDATEFREQ=1,	PRINTLIKES=0,	INTERMEDSAVE=0,	PRINTKLD=0,	PRINTNET=0,	PRINTLAMBDA=0,	ANCESTDIST=0,	NUMBOXES=1000,	ANCESTPINT=0.90000,	GENSBACK=2,	MIGRPRIOR=0.05000,	PRINTQHAT=0,	PRINTQSUM=0,	ALPHA=1.0000,	FREQSCORR=1,	FPRIORMEAN=0.0100,	FPRIORSD=0.0500,	ONEFST=0,	LAMBDA=1.0000,	UNIFPRIORALPHA=1,	ALPHAMAX=10.0000,	ALPHAPRIORA=1.0000,	ALPHAPRIORB=2.0000,	ALPHAPROPSD=0.0250,	STARTATPOPINFO=0,	RANDOMIZE=1,	LINKAGE=0,	METROFREQ=10,	REPORTHITRATE=0,	MARKOVPHASE=-1,	PHASED=0,	PLOIDY=2,	PHASEINFO=0	LOCPRIOR=0, 	LOCPRIORINIT=1.000000, 	LOCDATA=0, 	LOCISPOP=0, 	LOCPRIORSTEP=0.100000, 	MAXLOCPRIOR=20.000000, 	SEED=1465949705,	
[STRAT parameters]:    NUMSIMSTATS=1000,	PHENOTYPECOL=-9,	POOLFREQ=10,	LOCUSxONLY=0,	EMERROR=0.00100,	MISSINGPHENO=-9,	